-1.000000000000000000e+00
-1.000000000000000000e+00
-1.000000000000000000e+00
-1.000000000000000000e+00
-1.000000000000000000e+00
-1.000000000000000000e+00
-1.000000000000000000e+00
-1.000000000000000000e+00
-1.000000000000000000e+00
-1.000000000000000000e+00
-1.000000000000000000e+00
-1.000000000000000000e+00
-1.000000000000000000e+00
-1.000000000000000000e+00
-1.000000000000000000e+00
2.000000000000000000e+01
2.400000000000000000e+01
2.300000000000000000e+01
2.900000000000000000e+01
-1.000000000000000000e+00
-1.000000000000000000e+00
-1.000000000000000000e+00
3.600000000000000000e+01
-1.000000000000000000e+00
-1.000000000000000000e+00
-1.000000000000000000e+00
-1.000000000000000000e+00
-1.000000000000000000e+00
-1.000000000000000000e+00
5.000000000000000000e+01
-1.000000000000000000e+00
-1.000000000000000000e+00
-1.000000000000000000e+00
-1.000000000000000000e+00
-1.000000000000000000e+00
-1.000000000000000000e+00
5.800000000000000000e+01
-1.000000000000000000e+00
-1.000000000000000000e+00
-1.000000000000000000e+00
-1.000000000000000000e+00
-1.000000000000000000e+00
-1.000000000000000000e+00
-1.000000000000000000e+00
7.100000000000000000e+01
-1.000000000000000000e+00
-1.000000000000000000e+00
7.000000000000000000e+01
-1.000000000000000000e+00
-1.000000000000000000e+00
-1.000000000000000000e+00
-1.000000000000000000e+00
-1.000000000000000000e+00
-1.000000000000000000e+00
-1.000000000000000000e+00
-1.000000000000000000e+00
-1.000000000000000000e+00
-1.000000000000000000e+00
-1.000000000000000000e+00
-1.000000000000000000e+00
-1.000000000000000000e+00
-1.000000000000000000e+00
9.400000000000000000e+01
-1.000000000000000000e+00
8.300000000000000000e+01
-1.000000000000000000e+00
-1.000000000000000000e+00
-1.000000000000000000e+00
8.900000000000000000e+01
-1.000000000000000000e+00
-1.000000000000000000e+00
-1.000000000000000000e+00
-1.000000000000000000e+00
-1.000000000000000000e+00
-1.000000000000000000e+00
-1.000000000000000000e+00
-1.000000000000000000e+00
8.100000000000000000e+01
-1.000000000000000000e+00
-1.000000000000000000e+00
-1.000000000000000000e+00
1.000000000000000000e+02
-1.000000000000000000e+00
1.050000000000000000e+02
-1.000000000000000000e+00
-1.000000000000000000e+00
-1.000000000000000000e+00
-1.000000000000000000e+00
1.060000000000000000e+02
-1.000000000000000000e+00
-1.000000000000000000e+00
-1.000000000000000000e+00
1.310000000000000000e+02
1.250000000000000000e+02
-1.000000000000000000e+00
-1.000000000000000000e+00
8.800000000000000000e+01
-1.000000000000000000e+00
1.300000000000000000e+02
-1.000000000000000000e+00
-1.000000000000000000e+00
1.320000000000000000e+02
-1.000000000000000000e+00
-1.000000000000000000e+00
-1.000000000000000000e+00
-1.000000000000000000e+00
-1.000000000000000000e+00
-1.000000000000000000e+00
-1.000000000000000000e+00
-1.000000000000000000e+00
-1.000000000000000000e+00
-1.000000000000000000e+00
1.330000000000000000e+02
1.170000000000000000e+02
-1.000000000000000000e+00
-1.000000000000000000e+00
-1.000000000000000000e+00
1.100000000000000000e+02
6.300000000000000000e+01
-1.000000000000000000e+00
-1.000000000000000000e+00
-1.000000000000000000e+00
-1.000000000000000000e+00
1.680000000000000000e+02
-1.000000000000000000e+00
-1.000000000000000000e+00
1.210000000000000000e+02
-1.000000000000000000e+00
-1.000000000000000000e+00
-1.000000000000000000e+00
-1.000000000000000000e+00
1.700000000000000000e+02
-1.000000000000000000e+00
-1.000000000000000000e+00
-1.000000000000000000e+00
1.760000000000000000e+02
1.870000000000000000e+02
1.820000000000000000e+02
1.770000000000000000e+02
-1.000000000000000000e+00
-1.000000000000000000e+00
1.380000000000000000e+02
-1.000000000000000000e+00
-1.000000000000000000e+00
1.390000000000000000e+02
1.360000000000000000e+02
-1.000000000000000000e+00
1.830000000000000000e+02
1.720000000000000000e+02
1.560000000000000000e+02
-1.000000000000000000e+00
-1.000000000000000000e+00
-1.000000000000000000e+00
-1.000000000000000000e+00
-1.000000000000000000e+00
-1.000000000000000000e+00
1.970000000000000000e+02
-1.000000000000000000e+00
1.920000000000000000e+02
-1.000000000000000000e+00
-1.000000000000000000e+00
-1.000000000000000000e+00
-1.000000000000000000e+00
-1.000000000000000000e+00
-1.000000000000000000e+00
-1.000000000000000000e+00
2.200000000000000000e+02
-1.000000000000000000e+00
1.780000000000000000e+02
-1.000000000000000000e+00
-1.000000000000000000e+00
1.930000000000000000e+02
1.940000000000000000e+02
1.790000000000000000e+02
1.800000000000000000e+02
2.430000000000000000e+02
-1.000000000000000000e+00
2.260000000000000000e+02
2.140000000000000000e+02
1.840000000000000000e+02
1.850000000000000000e+02
-1.000000000000000000e+00
-1.000000000000000000e+00
-1.000000000000000000e+00
2.570000000000000000e+02
2.090000000000000000e+02
-1.000000000000000000e+00
2.150000000000000000e+02
-1.000000000000000000e+00
2.120000000000000000e+02
-1.000000000000000000e+00
-1.000000000000000000e+00
2.040000000000000000e+02
-1.000000000000000000e+00
-1.000000000000000000e+00
-1.000000000000000000e+00
-1.000000000000000000e+00
-1.000000000000000000e+00
-1.000000000000000000e+00
-1.000000000000000000e+00
2.520000000000000000e+02
-1.000000000000000000e+00
2.810000000000000000e+02
-1.000000000000000000e+00
-1.000000000000000000e+00
-1.000000000000000000e+00
2.380000000000000000e+02
2.160000000000000000e+02
-1.000000000000000000e+00
2.010000000000000000e+02
-1.000000000000000000e+00
1.410000000000000000e+02
2.700000000000000000e+02
2.820000000000000000e+02
2.650000000000000000e+02
2.340000000000000000e+02
2.270000000000000000e+02
2.280000000000000000e+02
-1.000000000000000000e+00
-1.000000000000000000e+00
-1.000000000000000000e+00
-1.000000000000000000e+00
-1.000000000000000000e+00
2.290000000000000000e+02
-1.000000000000000000e+00
-1.000000000000000000e+00
1.960000000000000000e+02
-1.000000000000000000e+00
-1.000000000000000000e+00
3.090000000000000000e+02
3.100000000000000000e+02
2.710000000000000000e+02
2.350000000000000000e+02
2.060000000000000000e+02
-1.000000000000000000e+00
-1.000000000000000000e+00
2.670000000000000000e+02
-1.000000000000000000e+00
-1.000000000000000000e+00
3.040000000000000000e+02
-1.000000000000000000e+00
2.600000000000000000e+02
-1.000000000000000000e+00
2.540000000000000000e+02
2.560000000000000000e+02
-1.000000000000000000e+00
-1.000000000000000000e+00
-1.000000000000000000e+00
-1.000000000000000000e+00
-1.000000000000000000e+00
-1.000000000000000000e+00
2.220000000000000000e+02
-1.000000000000000000e+00
3.260000000000000000e+02
3.290000000000000000e+02
2.970000000000000000e+02
-1.000000000000000000e+00
3.530000000000000000e+02
3.370000000000000000e+02
-1.000000000000000000e+00
2.900000000000000000e+02
-1.000000000000000000e+00
-1.000000000000000000e+00
-1.000000000000000000e+00
-1.000000000000000000e+00
3.430000000000000000e+02
-1.000000000000000000e+00
-1.000000000000000000e+00
-1.000000000000000000e+00
3.590000000000000000e+02
-1.000000000000000000e+00
2.740000000000000000e+02
-1.000000000000000000e+00
-1.000000000000000000e+00
-1.000000000000000000e+00
3.680000000000000000e+02
3.310000000000000000e+02
3.130000000000000000e+02
3.700000000000000000e+02
3.600000000000000000e+02
-1.000000000000000000e+00
3.440000000000000000e+02
3.190000000000000000e+02
-1.000000000000000000e+00
-1.000000000000000000e+00
-1.000000000000000000e+00
-1.000000000000000000e+00
2.990000000000000000e+02
-1.000000000000000000e+00
-1.000000000000000000e+00
-1.000000000000000000e+00
-1.000000000000000000e+00
-1.000000000000000000e+00
2.310000000000000000e+02
-1.000000000000000000e+00
4.100000000000000000e+02
3.830000000000000000e+02
3.940000000000000000e+02
3.960000000000000000e+02
3.620000000000000000e+02
3.330000000000000000e+02
3.060000000000000000e+02
3.340000000000000000e+02
-1.000000000000000000e+00
-1.000000000000000000e+00
-1.000000000000000000e+00
-1.000000000000000000e+00
3.950000000000000000e+02
3.970000000000000000e+02
3.980000000000000000e+02
3.710000000000000000e+02
-1.000000000000000000e+00
3.220000000000000000e+02
3.870000000000000000e+02
-1.000000000000000000e+00
3.640000000000000000e+02
3.360000000000000000e+02
-1.000000000000000000e+00
-1.000000000000000000e+00
-1.000000000000000000e+00
4.620000000000000000e+02
4.240000000000000000e+02
3.720000000000000000e+02
-1.000000000000000000e+00
-1.000000000000000000e+00
4.550000000000000000e+02
4.260000000000000000e+02
3.890000000000000000e+02
3.480000000000000000e+02
-1.000000000000000000e+00
-1.000000000000000000e+00
-1.000000000000000000e+00
-1.000000000000000000e+00
4.250000000000000000e+02
-1.000000000000000000e+00
-1.000000000000000000e+00
4.190000000000000000e+02
-1.000000000000000000e+00
3.910000000000000000e+02
-1.000000000000000000e+00
3.650000000000000000e+02
-1.000000000000000000e+00
2.640000000000000000e+02
-1.000000000000000000e+00
4.450000000000000000e+02
4.280000000000000000e+02
-1.000000000000000000e+00
3.070000000000000000e+02
-1.000000000000000000e+00
3.800000000000000000e+02
-1.000000000000000000e+00
4.650000000000000000e+02
-1.000000000000000000e+00
-1.000000000000000000e+00
-1.000000000000000000e+00
-1.000000000000000000e+00
-1.000000000000000000e+00
4.740000000000000000e+02
-1.000000000000000000e+00
4.460000000000000000e+02
-1.000000000000000000e+00
-1.000000000000000000e+00
4.800000000000000000e+02
-1.000000000000000000e+00
4.140000000000000000e+02
4.680000000000000000e+02
-1.000000000000000000e+00
-1.000000000000000000e+00
-1.000000000000000000e+00
-1.000000000000000000e+00
-1.000000000000000000e+00
4.930000000000000000e+02
4.150000000000000000e+02
3.510000000000000000e+02
-1.000000000000000000e+00
4.970000000000000000e+02
4.910000000000000000e+02
4.920000000000000000e+02
-1.000000000000000000e+00
-1.000000000000000000e+00
5.630000000000000000e+02
5.410000000000000000e+02
5.220000000000000000e+02
5.170000000000000000e+02
-1.000000000000000000e+00
-1.000000000000000000e+00
-1.000000000000000000e+00
-1.000000000000000000e+00
3.820000000000000000e+02
-1.000000000000000000e+00
3.580000000000000000e+02
-1.000000000000000000e+00
-1.000000000000000000e+00
5.620000000000000000e+02
-1.000000000000000000e+00
-1.000000000000000000e+00
-1.000000000000000000e+00
-1.000000000000000000e+00
-1.000000000000000000e+00
-1.000000000000000000e+00
-1.000000000000000000e+00
-1.000000000000000000e+00
5.330000000000000000e+02
-1.000000000000000000e+00
-1.000000000000000000e+00
-1.000000000000000000e+00
-1.000000000000000000e+00
5.340000000000000000e+02
-1.000000000000000000e+00
-1.000000000000000000e+00
-1.000000000000000000e+00
-1.000000000000000000e+00
-1.000000000000000000e+00
5.930000000000000000e+02
-1.000000000000000000e+00
-1.000000000000000000e+00
5.690000000000000000e+02
4.850000000000000000e+02
4.590000000000000000e+02
-1.000000000000000000e+00
-1.000000000000000000e+00
-1.000000000000000000e+00
-1.000000000000000000e+00
-1.000000000000000000e+00
-1.000000000000000000e+00
-1.000000000000000000e+00
4.330000000000000000e+02
-1.000000000000000000e+00
-1.000000000000000000e+00
-1.000000000000000000e+00
6.230000000000000000e+02
6.240000000000000000e+02
-1.000000000000000000e+00
5.010000000000000000e+02
-1.000000000000000000e+00
-1.000000000000000000e+00
-1.000000000000000000e+00
-1.000000000000000000e+00
4.530000000000000000e+02
5.780000000000000000e+02
5.360000000000000000e+02
-1.000000000000000000e+00
-1.000000000000000000e+00
-1.000000000000000000e+00
-1.000000000000000000e+00
5.380000000000000000e+02
5.090000000000000000e+02
-1.000000000000000000e+00
-1.000000000000000000e+00
-1.000000000000000000e+00
6.670000000000000000e+02
6.680000000000000000e+02
6.470000000000000000e+02
5.940000000000000000e+02
5.370000000000000000e+02
-1.000000000000000000e+00
-1.000000000000000000e+00
6.450000000000000000e+02
-1.000000000000000000e+00
5.950000000000000000e+02
6.080000000000000000e+02
-1.000000000000000000e+00
-1.000000000000000000e+00
-1.000000000000000000e+00
-1.000000000000000000e+00
5.120000000000000000e+02
-1.000000000000000000e+00
-1.000000000000000000e+00
6.060000000000000000e+02
6.820000000000000000e+02
6.960000000000000000e+02
-1.000000000000000000e+00
-1.000000000000000000e+00
-1.000000000000000000e+00
-1.000000000000000000e+00
-1.000000000000000000e+00
6.840000000000000000e+02
-1.000000000000000000e+00
-1.000000000000000000e+00
-1.000000000000000000e+00
-1.000000000000000000e+00
-1.000000000000000000e+00
-1.000000000000000000e+00
-1.000000000000000000e+00
-1.000000000000000000e+00
-1.000000000000000000e+00
7.130000000000000000e+02
7.240000000000000000e+02
6.130000000000000000e+02
5.970000000000000000e+02
-1.000000000000000000e+00
5.390000000000000000e+02
-1.000000000000000000e+00
-1.000000000000000000e+00
-1.000000000000000000e+00
-1.000000000000000000e+00
7.180000000000000000e+02
-1.000000000000000000e+00
-1.000000000000000000e+00
-1.000000000000000000e+00
-1.000000000000000000e+00
-1.000000000000000000e+00
-1.000000000000000000e+00
-1.000000000000000000e+00
-1.000000000000000000e+00
-1.000000000000000000e+00
7.150000000000000000e+02
6.540000000000000000e+02
-1.000000000000000000e+00
-1.000000000000000000e+00
-1.000000000000000000e+00
7.530000000000000000e+02
7.260000000000000000e+02
6.260000000000000000e+02
-1.000000000000000000e+00
-1.000000000000000000e+00
-1.000000000000000000e+00
-1.000000000000000000e+00
7.430000000000000000e+02
-1.000000000000000000e+00
-1.000000000000000000e+00
-1.000000000000000000e+00
6.270000000000000000e+02
5.740000000000000000e+02
-1.000000000000000000e+00
-1.000000000000000000e+00
6.320000000000000000e+02
-1.000000000000000000e+00
6.010000000000000000e+02
6.020000000000000000e+02
6.030000000000000000e+02
-1.000000000000000000e+00
-1.000000000000000000e+00
8.130000000000000000e+02
-1.000000000000000000e+00
-1.000000000000000000e+00
-1.000000000000000000e+00
-1.000000000000000000e+00
-1.000000000000000000e+00
-1.000000000000000000e+00
7.950000000000000000e+02
6.550000000000000000e+02
6.600000000000000000e+02
6.330000000000000000e+02
6.280000000000000000e+02
-1.000000000000000000e+00
8.040000000000000000e+02
7.930000000000000000e+02
7.940000000000000000e+02
-1.000000000000000000e+00
-1.000000000000000000e+00
-1.000000000000000000e+00
-1.000000000000000000e+00
-1.000000000000000000e+00
8.560000000000000000e+02
-1.000000000000000000e+00
8.050000000000000000e+02
7.790000000000000000e+02
6.360000000000000000e+02
6.370000000000000000e+02
-1.000000000000000000e+00
6.220000000000000000e+02
6.380000000000000000e+02
-1.000000000000000000e+00
-1.000000000000000000e+00
-1.000000000000000000e+00
-1.000000000000000000e+00
-1.000000000000000000e+00
7.960000000000000000e+02
-1.000000000000000000e+00
-1.000000000000000000e+00
-1.000000000000000000e+00
7.400000000000000000e+02
7.030000000000000000e+02
7.050000000000000000e+02
-1.000000000000000000e+00
-1.000000000000000000e+00
7.460000000000000000e+02
-1.000000000000000000e+00
7.060000000000000000e+02
6.780000000000000000e+02
-1.000000000000000000e+00
-1.000000000000000000e+00
-1.000000000000000000e+00
-1.000000000000000000e+00
-1.000000000000000000e+00
8.830000000000000000e+02
8.550000000000000000e+02
8.370000000000000000e+02
7.860000000000000000e+02
7.570000000000000000e+02
7.070000000000000000e+02
6.640000000000000000e+02
8.580000000000000000e+02
8.690000000000000000e+02
8.250000000000000000e+02
6.940000000000000000e+02
6.800000000000000000e+02
6.810000000000000000e+02
-1.000000000000000000e+00
-1.000000000000000000e+00
-1.000000000000000000e+00
-1.000000000000000000e+00
8.590000000000000000e+02
8.600000000000000000e+02
-1.000000000000000000e+00
7.480000000000000000e+02
6.750000000000000000e+02
-1.000000000000000000e+00
-1.000000000000000000e+00
-1.000000000000000000e+00
-1.000000000000000000e+00
-1.000000000000000000e+00
-1.000000000000000000e+00
-1.000000000000000000e+00
8.710000000000000000e+02
-1.000000000000000000e+00
8.270000000000000000e+02
-1.000000000000000000e+00
7.490000000000000000e+02
7.190000000000000000e+02
7.330000000000000000e+02
-1.000000000000000000e+00
-1.000000000000000000e+00
-1.000000000000000000e+00
7.590000000000000000e+02
7.600000000000000000e+02
7.890000000000000000e+02
7.340000000000000000e+02
9.160000000000000000e+02
8.970000000000000000e+02
8.410000000000000000e+02
8.420000000000000000e+02
-1.000000000000000000e+00
7.630000000000000000e+02
7.640000000000000000e+02
7.520000000000000000e+02
-1.000000000000000000e+00
7.360000000000000000e+02
-1.000000000000000000e+00
-1.000000000000000000e+00
9.270000000000000000e+02
7.620000000000000000e+02
-1.000000000000000000e+00
-1.000000000000000000e+00
9.280000000000000000e+02
9.210000000000000000e+02
-1.000000000000000000e+00
9.170000000000000000e+02
9.050000000000000000e+02
9.070000000000000000e+02
7.750000000000000000e+02
-1.000000000000000000e+00
-1.000000000000000000e+00
-1.000000000000000000e+00
-1.000000000000000000e+00
-1.000000000000000000e+00
9.060000000000000000e+02
-1.000000000000000000e+00
8.900000000000000000e+02
-1.000000000000000000e+00
-1.000000000000000000e+00
8.200000000000000000e+02
-1.000000000000000000e+00
7.760000000000000000e+02
-1.000000000000000000e+00
1.003000000000000000e+03
9.390000000000000000e+02
9.400000000000000000e+02
9.410000000000000000e+02
-1.000000000000000000e+00
-1.000000000000000000e+00
8.510000000000000000e+02
8.290000000000000000e+02
8.300000000000000000e+02
8.010000000000000000e+02
8.320000000000000000e+02
7.770000000000000000e+02
-1.000000000000000000e+00
-1.000000000000000000e+00
9.500000000000000000e+02
-1.000000000000000000e+00
-1.000000000000000000e+00
-1.000000000000000000e+00
-1.000000000000000000e+00
1.002000000000000000e+03
-1.000000000000000000e+00
-1.000000000000000000e+00
-1.000000000000000000e+00
9.600000000000000000e+02
-1.000000000000000000e+00
9.610000000000000000e+02
8.920000000000000000e+02
8.930000000000000000e+02
-1.000000000000000000e+00
-1.000000000000000000e+00
8.810000000000000000e+02
-1.000000000000000000e+00
-1.000000000000000000e+00
-1.000000000000000000e+00
-1.000000000000000000e+00
9.860000000000000000e+02
9.750000000000000000e+02
-1.000000000000000000e+00
9.630000000000000000e+02
8.770000000000000000e+02
-1.000000000000000000e+00
8.520000000000000000e+02
8.460000000000000000e+02
1.013000000000000000e+03
-1.000000000000000000e+00
9.120000000000000000e+02
8.760000000000000000e+02
-1.000000000000000000e+00
-1.000000000000000000e+00
-1.000000000000000000e+00
1.037000000000000000e+03
9.670000000000000000e+02
9.240000000000000000e+02
-1.000000000000000000e+00
1.004000000000000000e+03
1.039000000000000000e+03
1.005000000000000000e+03
-1.000000000000000000e+00
-1.000000000000000000e+00
-1.000000000000000000e+00
9.010000000000000000e+02
9.030000000000000000e+02
-1.000000000000000000e+00
-1.000000000000000000e+00
1.027000000000000000e+03
9.900000000000000000e+02
9.470000000000000000e+02
9.310000000000000000e+02
9.320000000000000000e+02
8.940000000000000000e+02
-1.000000000000000000e+00
-1.000000000000000000e+00
-1.000000000000000000e+00
1.055000000000000000e+03
1.014000000000000000e+03
1.028000000000000000e+03
-1.000000000000000000e+00
-1.000000000000000000e+00
-1.000000000000000000e+00
-1.000000000000000000e+00
-1.000000000000000000e+00
-1.000000000000000000e+00
1.112000000000000000e+03
1.087000000000000000e+03
1.056000000000000000e+03
1.057000000000000000e+03
9.490000000000000000e+02
9.360000000000000000e+02
9.260000000000000000e+02
-1.000000000000000000e+00
-1.000000000000000000e+00
1.081000000000000000e+03
1.065000000000000000e+03
1.083000000000000000e+03
-1.000000000000000000e+00
-1.000000000000000000e+00
-1.000000000000000000e+00
-1.000000000000000000e+00
-1.000000000000000000e+00
-1.000000000000000000e+00
-1.000000000000000000e+00
9.680000000000000000e+02
-1.000000000000000000e+00
9.650000000000000000e+02
9.560000000000000000e+02
-1.000000000000000000e+00
-1.000000000000000000e+00
1.111000000000000000e+03
-1.000000000000000000e+00
1.090000000000000000e+03
9.950000000000000000e+02
9.960000000000000000e+02
1.020000000000000000e+03
-1.000000000000000000e+00
-1.000000000000000000e+00
-1.000000000000000000e+00
1.123000000000000000e+03
9.980000000000000000e+02
9.990000000000000000e+02
9.710000000000000000e+02
9.730000000000000000e+02
-1.000000000000000000e+00
-1.000000000000000000e+00
-1.000000000000000000e+00
-1.000000000000000000e+00
-1.000000000000000000e+00
-1.000000000000000000e+00
-1.000000000000000000e+00
-1.000000000000000000e+00
-1.000000000000000000e+00
1.124000000000000000e+03
1.097000000000000000e+03
1.049000000000000000e+03
1.019000000000000000e+03
-1.000000000000000000e+00
1.025000000000000000e+03
-1.000000000000000000e+00
1.164000000000000000e+03
1.149000000000000000e+03
1.114000000000000000e+03
1.125000000000000000e+03
-1.000000000000000000e+00
-1.000000000000000000e+00
1.050000000000000000e+03
-1.000000000000000000e+00
-1.000000000000000000e+00
-1.000000000000000000e+00
-1.000000000000000000e+00
-1.000000000000000000e+00
-1.000000000000000000e+00
-1.000000000000000000e+00
1.126000000000000000e+03
1.073000000000000000e+03
-1.000000000000000000e+00
1.060000000000000000e+03
1.024000000000000000e+03
-1.000000000000000000e+00
-1.000000000000000000e+00
-1.000000000000000000e+00
1.119000000000000000e+03
-1.000000000000000000e+00
-1.000000000000000000e+00
-1.000000000000000000e+00
-1.000000000000000000e+00
1.150000000000000000e+03
-1.000000000000000000e+00
1.092000000000000000e+03
-1.000000000000000000e+00
1.093000000000000000e+03
1.062000000000000000e+03
-1.000000000000000000e+00
1.078000000000000000e+03
1.026000000000000000e+03
1.063000000000000000e+03
1.171000000000000000e+03
-1.000000000000000000e+00
-1.000000000000000000e+00
-1.000000000000000000e+00
-1.000000000000000000e+00
-1.000000000000000000e+00
-1.000000000000000000e+00
-1.000000000000000000e+00
-1.000000000000000000e+00
1.231000000000000000e+03
-1.000000000000000000e+00
1.105000000000000000e+03
-1.000000000000000000e+00
-1.000000000000000000e+00
-1.000000000000000000e+00
-1.000000000000000000e+00
-1.000000000000000000e+00
1.230000000000000000e+03
1.190000000000000000e+03
1.178000000000000000e+03
-1.000000000000000000e+00
1.134000000000000000e+03
-1.000000000000000000e+00
-1.000000000000000000e+00
1.110000000000000000e+03
-1.000000000000000000e+00
-1.000000000000000000e+00
-1.000000000000000000e+00
1.211000000000000000e+03
1.203000000000000000e+03
1.158000000000000000e+03
1.101000000000000000e+03
-1.000000000000000000e+00
-1.000000000000000000e+00
1.212000000000000000e+03
-1.000000000000000000e+00
-1.000000000000000000e+00
1.135000000000000000e+03
1.136000000000000000e+03
1.121000000000000000e+03
1.122000000000000000e+03
-1.000000000000000000e+00
-1.000000000000000000e+00
1.281000000000000000e+03
-1.000000000000000000e+00
-1.000000000000000000e+00
-1.000000000000000000e+00
1.156000000000000000e+03
1.144000000000000000e+03
1.162000000000000000e+03
-1.000000000000000000e+00
-1.000000000000000000e+00
1.180000000000000000e+03
-1.000000000000000000e+00
1.155000000000000000e+03
-1.000000000000000000e+00
1.146000000000000000e+03
-1.000000000000000000e+00
-1.000000000000000000e+00
-1.000000000000000000e+00
-1.000000000000000000e+00
1.336000000000000000e+03
1.262000000000000000e+03
1.296000000000000000e+03
1.222000000000000000e+03
-1.000000000000000000e+00
1.207000000000000000e+03
1.208000000000000000e+03
1.145000000000000000e+03
-1.000000000000000000e+00
1.137000000000000000e+03
-1.000000000000000000e+00
-1.000000000000000000e+00
-1.000000000000000000e+00
-1.000000000000000000e+00
-1.000000000000000000e+00
-1.000000000000000000e+00
-1.000000000000000000e+00
-1.000000000000000000e+00
1.264000000000000000e+03
1.285000000000000000e+03
1.251000000000000000e+03
1.252000000000000000e+03
1.253000000000000000e+03
1.254000000000000000e+03
1.286000000000000000e+03
-1.000000000000000000e+00
1.163000000000000000e+03
1.183000000000000000e+03
1.184000000000000000e+03
-1.000000000000000000e+00
-1.000000000000000000e+00
1.284000000000000000e+03
-1.000000000000000000e+00
-1.000000000000000000e+00
1.255000000000000000e+03
-1.000000000000000000e+00
1.225000000000000000e+03
1.197000000000000000e+03
-1.000000000000000000e+00
1.283000000000000000e+03
-1.000000000000000000e+00
-1.000000000000000000e+00
-1.000000000000000000e+00
-1.000000000000000000e+00
1.341000000000000000e+03
1.342000000000000000e+03
-1.000000000000000000e+00
1.346000000000000000e+03
1.289000000000000000e+03
1.267000000000000000e+03
1.246000000000000000e+03
1.247000000000000000e+03
1.186000000000000000e+03
-1.000000000000000000e+00
-1.000000000000000000e+00
-1.000000000000000000e+00
-1.000000000000000000e+00
-1.000000000000000000e+00
-1.000000000000000000e+00
-1.000000000000000000e+00
-1.000000000000000000e+00
1.328000000000000000e+03
1.329000000000000000e+03
-1.000000000000000000e+00
-1.000000000000000000e+00
1.300000000000000000e+03
-1.000000000000000000e+00
1.310000000000000000e+03
-1.000000000000000000e+00
-1.000000000000000000e+00
-1.000000000000000000e+00
1.240000000000000000e+03
1.241000000000000000e+03
1.242000000000000000e+03
1.217000000000000000e+03
-1.000000000000000000e+00
-1.000000000000000000e+00
-1.000000000000000000e+00
-1.000000000000000000e+00
-1.000000000000000000e+00
-1.000000000000000000e+00
-1.000000000000000000e+00
1.309000000000000000e+03
1.330000000000000000e+03
1.311000000000000000e+03
1.269000000000000000e+03
1.239000000000000000e+03
-1.000000000000000000e+00
-1.000000000000000000e+00
-1.000000000000000000e+00
-1.000000000000000000e+00
1.352000000000000000e+03
1.312000000000000000e+03
-1.000000000000000000e+00
1.313000000000000000e+03
-1.000000000000000000e+00
1.305000000000000000e+03
1.274000000000000000e+03
-1.000000000000000000e+00
-1.000000000000000000e+00
-1.000000000000000000e+00
-1.000000000000000000e+00
1.374000000000000000e+03
1.331000000000000000e+03
1.294000000000000000e+03
-1.000000000000000000e+00
1.384000000000000000e+03
-1.000000000000000000e+00
1.358000000000000000e+03
-1.000000000000000000e+00
-1.000000000000000000e+00
1.315000000000000000e+03
-1.000000000000000000e+00
-1.000000000000000000e+00
-1.000000000000000000e+00
-1.000000000000000000e+00
-1.000000000000000000e+00
-1.000000000000000000e+00
1.366000000000000000e+03
1.354000000000000000e+03
1.275000000000000000e+03
-1.000000000000000000e+00
1.473000000000000000e+03
-1.000000000000000000e+00
-1.000000000000000000e+00
-1.000000000000000000e+00
1.386000000000000000e+03
1.395000000000000000e+03
-1.000000000000000000e+00
1.355000000000000000e+03
-1.000000000000000000e+00
1.361000000000000000e+03
1.332000000000000000e+03
-1.000000000000000000e+00
1.316000000000000000e+03
-1.000000000000000000e+00
-1.000000000000000000e+00
-1.000000000000000000e+00
1.396000000000000000e+03
1.413000000000000000e+03
1.367000000000000000e+03
1.368000000000000000e+03
-1.000000000000000000e+00
1.356000000000000000e+03
-1.000000000000000000e+00
-1.000000000000000000e+00
-1.000000000000000000e+00
-1.000000000000000000e+00
-1.000000000000000000e+00
-1.000000000000000000e+00
1.435000000000000000e+03
-1.000000000000000000e+00
1.423000000000000000e+03
-1.000000000000000000e+00
-1.000000000000000000e+00
1.439000000000000000e+03
-1.000000000000000000e+00
-1.000000000000000000e+00
-1.000000000000000000e+00
1.424000000000000000e+03
1.387000000000000000e+03
1.416000000000000000e+03
1.398000000000000000e+03
1.399000000000000000e+03
1.400000000000000000e+03
1.370000000000000000e+03
-1.000000000000000000e+00
-1.000000000000000000e+00
-1.000000000000000000e+00
1.444000000000000000e+03
1.436000000000000000e+03
-1.000000000000000000e+00
1.415000000000000000e+03
1.417000000000000000e+03
1.401000000000000000e+03
1.419000000000000000e+03
1.389000000000000000e+03
1.390000000000000000e+03
1.405000000000000000e+03
-1.000000000000000000e+00
-1.000000000000000000e+00
-1.000000000000000000e+00
-1.000000000000000000e+00
-1.000000000000000000e+00
1.445000000000000000e+03
-1.000000000000000000e+00
1.379000000000000000e+03
1.381000000000000000e+03
-1.000000000000000000e+00
-1.000000000000000000e+00
-1.000000000000000000e+00
-1.000000000000000000e+00
-1.000000000000000000e+00
-1.000000000000000000e+00
-1.000000000000000000e+00
-1.000000000000000000e+00
1.443000000000000000e+03
1.466000000000000000e+03
1.449000000000000000e+03
1.402000000000000000e+03
-1.000000000000000000e+00
1.528000000000000000e+03
-1.000000000000000000e+00
-1.000000000000000000e+00
-1.000000000000000000e+00
-1.000000000000000000e+00
-1.000000000000000000e+00
-1.000000000000000000e+00
1.467000000000000000e+03
1.451000000000000000e+03
-1.000000000000000000e+00
-1.000000000000000000e+00
-1.000000000000000000e+00
-1.000000000000000000e+00
-1.000000000000000000e+00
-1.000000000000000000e+00
-1.000000000000000000e+00
-1.000000000000000000e+00
1.606000000000000000e+03
-1.000000000000000000e+00
-1.000000000000000000e+00
-1.000000000000000000e+00
1.512000000000000000e+03
1.514000000000000000e+03
1.477000000000000000e+03
1.479000000000000000e+03
-1.000000000000000000e+00
1.484000000000000000e+03
-1.000000000000000000e+00
-1.000000000000000000e+00
-1.000000000000000000e+00
-1.000000000000000000e+00
-1.000000000000000000e+00
1.502000000000000000e+03
-1.000000000000000000e+00
1.480000000000000000e+03
-1.000000000000000000e+00
-1.000000000000000000e+00
-1.000000000000000000e+00
-1.000000000000000000e+00
-1.000000000000000000e+00
-1.000000000000000000e+00
-1.000000000000000000e+00
-1.000000000000000000e+00
1.499000000000000000e+03
-1.000000000000000000e+00
1.503000000000000000e+03
-1.000000000000000000e+00
1.458000000000000000e+03
1.469000000000000000e+03
-1.000000000000000000e+00
1.487000000000000000e+03
-1.000000000000000000e+00
-1.000000000000000000e+00
-1.000000000000000000e+00
-1.000000000000000000e+00
-1.000000000000000000e+00
1.582000000000000000e+03
1.533000000000000000e+03
1.548000000000000000e+03
1.549000000000000000e+03
1.482000000000000000e+03
1.470000000000000000e+03
1.459000000000000000e+03
-1.000000000000000000e+00
-1.000000000000000000e+00
-1.000000000000000000e+00
-1.000000000000000000e+00
-1.000000000000000000e+00
-1.000000000000000000e+00
-1.000000000000000000e+00
-1.000000000000000000e+00
1.521000000000000000e+03
-1.000000000000000000e+00
-1.000000000000000000e+00
1.654000000000000000e+03
-1.000000000000000000e+00
-1.000000000000000000e+00
-1.000000000000000000e+00
1.522000000000000000e+03
-1.000000000000000000e+00
-1.000000000000000000e+00
-1.000000000000000000e+00
-1.000000000000000000e+00
1.628000000000000000e+03
-1.000000000000000000e+00
1.588000000000000000e+03
1.553000000000000000e+03
1.554000000000000000e+03
1.536000000000000000e+03
1.524000000000000000e+03
-1.000000000000000000e+00
-1.000000000000000000e+00
-1.000000000000000000e+00
-1.000000000000000000e+00
-1.000000000000000000e+00
-1.000000000000000000e+00
-1.000000000000000000e+00
-1.000000000000000000e+00
-1.000000000000000000e+00
1.577000000000000000e+03
-1.000000000000000000e+00
-1.000000000000000000e+00
-1.000000000000000000e+00
-1.000000000000000000e+00
1.526000000000000000e+03
1.520000000000000000e+03
-1.000000000000000000e+00
-1.000000000000000000e+00
-1.000000000000000000e+00
-1.000000000000000000e+00
1.627000000000000000e+03
1.634000000000000000e+03
1.596000000000000000e+03
-1.000000000000000000e+00
1.579000000000000000e+03
-1.000000000000000000e+00
-1.000000000000000000e+00
-1.000000000000000000e+00
-1.000000000000000000e+00
-1.000000000000000000e+00
-1.000000000000000000e+00
1.614000000000000000e+03
-1.000000000000000000e+00
1.618000000000000000e+03
-1.000000000000000000e+00
-1.000000000000000000e+00
-1.000000000000000000e+00
-1.000000000000000000e+00
1.690000000000000000e+03
-1.000000000000000000e+00
-1.000000000000000000e+00
-1.000000000000000000e+00
-1.000000000000000000e+00
-1.000000000000000000e+00
-1.000000000000000000e+00
-1.000000000000000000e+00
-1.000000000000000000e+00
-1.000000000000000000e+00
-1.000000000000000000e+00
-1.000000000000000000e+00
1.747000000000000000e+03
-1.000000000000000000e+00
-1.000000000000000000e+00
-1.000000000000000000e+00
1.646000000000000000e+03
-1.000000000000000000e+00
-1.000000000000000000e+00
-1.000000000000000000e+00
1.622000000000000000e+03
-1.000000000000000000e+00
-1.000000000000000000e+00
-1.000000000000000000e+00
1.675000000000000000e+03
1.714000000000000000e+03
1.666000000000000000e+03
-1.000000000000000000e+00
-1.000000000000000000e+00
1.648000000000000000e+03
1.621000000000000000e+03
1.601000000000000000e+03
-1.000000000000000000e+00
1.731000000000000000e+03
-1.000000000000000000e+00
-1.000000000000000000e+00
-1.000000000000000000e+00
-1.000000000000000000e+00
-1.000000000000000000e+00
-1.000000000000000000e+00
1.623000000000000000e+03
-1.000000000000000000e+00
-1.000000000000000000e+00
-1.000000000000000000e+00
-1.000000000000000000e+00
-1.000000000000000000e+00
-1.000000000000000000e+00
1.781000000000000000e+03
-1.000000000000000000e+00
-1.000000000000000000e+00
1.767000000000000000e+03
-1.000000000000000000e+00
1.751000000000000000e+03
1.676000000000000000e+03
1.698000000000000000e+03
-1.000000000000000000e+00
1.659000000000000000e+03
1.652000000000000000e+03
-1.000000000000000000e+00
-1.000000000000000000e+00
-1.000000000000000000e+00
-1.000000000000000000e+00
-1.000000000000000000e+00
1.733000000000000000e+03
-1.000000000000000000e+00
-1.000000000000000000e+00
1.770000000000000000e+03
1.697000000000000000e+03
1.796000000000000000e+03
-1.000000000000000000e+00
1.769000000000000000e+03
-1.000000000000000000e+00
1.737000000000000000e+03
-1.000000000000000000e+00
1.671000000000000000e+03
1.682000000000000000e+03
1.683000000000000000e+03
1.672000000000000000e+03
-1.000000000000000000e+00
1.799000000000000000e+03
-1.000000000000000000e+00
-1.000000000000000000e+00
1.753000000000000000e+03
-1.000000000000000000e+00
1.740000000000000000e+03
-1.000000000000000000e+00
1.681000000000000000e+03
1.723000000000000000e+03
1.724000000000000000e+03
1.673000000000000000e+03
1.684000000000000000e+03
-1.000000000000000000e+00
-1.000000000000000000e+00
-1.000000000000000000e+00
-1.000000000000000000e+00
-1.000000000000000000e+00
-1.000000000000000000e+00
-1.000000000000000000e+00
-1.000000000000000000e+00
-1.000000000000000000e+00
-1.000000000000000000e+00
1.784000000000000000e+03
1.771000000000000000e+03
-1.000000000000000000e+00
-1.000000000000000000e+00
1.722000000000000000e+03
-1.000000000000000000e+00
-1.000000000000000000e+00
-1.000000000000000000e+00
-1.000000000000000000e+00
-1.000000000000000000e+00
-1.000000000000000000e+00
-1.000000000000000000e+00
-1.000000000000000000e+00
1.859000000000000000e+03
1.837000000000000000e+03
-1.000000000000000000e+00
-1.000000000000000000e+00
-1.000000000000000000e+00
-1.000000000000000000e+00
-1.000000000000000000e+00
-1.000000000000000000e+00
-1.000000000000000000e+00
-1.000000000000000000e+00
-1.000000000000000000e+00
1.844000000000000000e+03
1.786000000000000000e+03
-1.000000000000000000e+00
-1.000000000000000000e+00
1.774000000000000000e+03
1.741000000000000000e+03
-1.000000000000000000e+00
-1.000000000000000000e+00
1.742000000000000000e+03
1.764000000000000000e+03
-1.000000000000000000e+00
-1.000000000000000000e+00
-1.000000000000000000e+00
-1.000000000000000000e+00
-1.000000000000000000e+00
-1.000000000000000000e+00
1.778000000000000000e+03
-1.000000000000000000e+00
1.792000000000000000e+03
-1.000000000000000000e+00
1.776000000000000000e+03
-1.000000000000000000e+00
1.743000000000000000e+03
-1.000000000000000000e+00
-1.000000000000000000e+00
-1.000000000000000000e+00
-1.000000000000000000e+00
-1.000000000000000000e+00
1.848000000000000000e+03
-1.000000000000000000e+00
1.789000000000000000e+03
1.790000000000000000e+03
-1.000000000000000000e+00
-1.000000000000000000e+00
-1.000000000000000000e+00
1.902000000000000000e+03
1.869000000000000000e+03
-1.000000000000000000e+00
-1.000000000000000000e+00
-1.000000000000000000e+00
-1.000000000000000000e+00
-1.000000000000000000e+00
1.829000000000000000e+03
1.854000000000000000e+03
-1.000000000000000000e+00
-1.000000000000000000e+00
-1.000000000000000000e+00
-1.000000000000000000e+00
-1.000000000000000000e+00
-1.000000000000000000e+00
-1.000000000000000000e+00
-1.000000000000000000e+00
-1.000000000000000000e+00
-1.000000000000000000e+00
1.884000000000000000e+03
-1.000000000000000000e+00
-1.000000000000000000e+00
1.865000000000000000e+03
1.830000000000000000e+03
1.831000000000000000e+03
1.834000000000000000e+03
-1.000000000000000000e+00
1.823000000000000000e+03
-1.000000000000000000e+00
1.946000000000000000e+03
1.947000000000000000e+03
1.813000000000000000e+03
1.794000000000000000e+03
-1.000000000000000000e+00
-1.000000000000000000e+00
-1.000000000000000000e+00
-1.000000000000000000e+00
1.855000000000000000e+03
-1.000000000000000000e+00
-1.000000000000000000e+00
-1.000000000000000000e+00
-1.000000000000000000e+00
-1.000000000000000000e+00
-1.000000000000000000e+00
1.978000000000000000e+03
-1.000000000000000000e+00
1.969000000000000000e+03
1.928000000000000000e+03
-1.000000000000000000e+00
1.889000000000000000e+03
1.894000000000000000e+03
-1.000000000000000000e+00
-1.000000000000000000e+00
-1.000000000000000000e+00
-1.000000000000000000e+00
-1.000000000000000000e+00
-1.000000000000000000e+00
1.980000000000000000e+03
-1.000000000000000000e+00
1.931000000000000000e+03
-1.000000000000000000e+00
1.913000000000000000e+03
-1.000000000000000000e+00
-1.000000000000000000e+00
-1.000000000000000000e+00
-1.000000000000000000e+00
-1.000000000000000000e+00
-1.000000000000000000e+00
1.970000000000000000e+03
-1.000000000000000000e+00
1.922000000000000000e+03
1.934000000000000000e+03
1.911000000000000000e+03
-1.000000000000000000e+00
1.899000000000000000e+03
-1.000000000000000000e+00
1.867000000000000000e+03
-1.000000000000000000e+00
-1.000000000000000000e+00
-1.000000000000000000e+00
-1.000000000000000000e+00
1.982000000000000000e+03
-1.000000000000000000e+00
1.927000000000000000e+03
1.951000000000000000e+03
-1.000000000000000000e+00
-1.000000000000000000e+00
-1.000000000000000000e+00
-1.000000000000000000e+00
-1.000000000000000000e+00
-1.000000000000000000e+00
1.882000000000000000e+03
-1.000000000000000000e+00
-1.000000000000000000e+00
-1.000000000000000000e+00
-1.000000000000000000e+00
-1.000000000000000000e+00
-1.000000000000000000e+00
-1.000000000000000000e+00
-1.000000000000000000e+00
-1.000000000000000000e+00
1.984000000000000000e+03
-1.000000000000000000e+00
1.939000000000000000e+03
-1.000000000000000000e+00
-1.000000000000000000e+00
-1.000000000000000000e+00
-1.000000000000000000e+00
-1.000000000000000000e+00
-1.000000000000000000e+00
-1.000000000000000000e+00
-1.000000000000000000e+00
-1.000000000000000000e+00
-1.000000000000000000e+00
-1.000000000000000000e+00
-1.000000000000000000e+00
1.988000000000000000e+03
-1.000000000000000000e+00
1.956000000000000000e+03
-1.000000000000000000e+00
-1.000000000000000000e+00
-1.000000000000000000e+00
-1.000000000000000000e+00
-1.000000000000000000e+00
-1.000000000000000000e+00
1.942000000000000000e+03
-1.000000000000000000e+00
-1.000000000000000000e+00
-1.000000000000000000e+00
-1.000000000000000000e+00
-1.000000000000000000e+00
-1.000000000000000000e+00
-1.000000000000000000e+00
-1.000000000000000000e+00
-1.000000000000000000e+00
-1.000000000000000000e+00
-1.000000000000000000e+00
-1.000000000000000000e+00
-1.000000000000000000e+00
1.995000000000000000e+03
1.958000000000000000e+03
-1.000000000000000000e+00
-1.000000000000000000e+00
-1.000000000000000000e+00
-1.000000000000000000e+00
2.094000000000000000e+03
2.095000000000000000e+03
-1.000000000000000000e+00
-1.000000000000000000e+00
2.030000000000000000e+03
-1.000000000000000000e+00
2.003000000000000000e+03
-1.000000000000000000e+00
2.044000000000000000e+03
-1.000000000000000000e+00
-1.000000000000000000e+00
-1.000000000000000000e+00
-1.000000000000000000e+00
-1.000000000000000000e+00
-1.000000000000000000e+00
-1.000000000000000000e+00
-1.000000000000000000e+00
-1.000000000000000000e+00
-1.000000000000000000e+00
-1.000000000000000000e+00
-1.000000000000000000e+00
-1.000000000000000000e+00
-1.000000000000000000e+00
2.052000000000000000e+03
-1.000000000000000000e+00
2.085000000000000000e+03
-1.000000000000000000e+00
2.015000000000000000e+03
-1.000000000000000000e+00
-1.000000000000000000e+00
-1.000000000000000000e+00
-1.000000000000000000e+00
-1.000000000000000000e+00
-1.000000000000000000e+00
-1.000000000000000000e+00
-1.000000000000000000e+00
-1.000000000000000000e+00
2.058000000000000000e+03
-1.000000000000000000e+00
-1.000000000000000000e+00
-1.000000000000000000e+00
-1.000000000000000000e+00
-1.000000000000000000e+00
-1.000000000000000000e+00
-1.000000000000000000e+00
-1.000000000000000000e+00
2.080000000000000000e+03
-1.000000000000000000e+00
2.082000000000000000e+03
2.086000000000000000e+03
-1.000000000000000000e+00
-1.000000000000000000e+00
-1.000000000000000000e+00
-1.000000000000000000e+00
-1.000000000000000000e+00
-1.000000000000000000e+00
-1.000000000000000000e+00
-1.000000000000000000e+00
2.100000000000000000e+03
2.132000000000000000e+03
2.112000000000000000e+03
-1.000000000000000000e+00
-1.000000000000000000e+00
2.067000000000000000e+03
-1.000000000000000000e+00
-1.000000000000000000e+00
-1.000000000000000000e+00
-1.000000000000000000e+00
-1.000000000000000000e+00
-1.000000000000000000e+00
-1.000000000000000000e+00
-1.000000000000000000e+00
-1.000000000000000000e+00
-1.000000000000000000e+00
-1.000000000000000000e+00
2.104000000000000000e+03
2.089000000000000000e+03
2.123000000000000000e+03
-1.000000000000000000e+00
-1.000000000000000000e+00
2.073000000000000000e+03
2.074000000000000000e+03
2.075000000000000000e+03
-1.000000000000000000e+00
-1.000000000000000000e+00
-1.000000000000000000e+00
2.148000000000000000e+03
-1.000000000000000000e+00
-1.000000000000000000e+00
-1.000000000000000000e+00
-1.000000000000000000e+00
-1.000000000000000000e+00
-1.000000000000000000e+00
-1.000000000000000000e+00
-1.000000000000000000e+00
-1.000000000000000000e+00
-1.000000000000000000e+00
-1.000000000000000000e+00
-1.000000000000000000e+00
-1.000000000000000000e+00
-1.000000000000000000e+00
-1.000000000000000000e+00
-1.000000000000000000e+00
-1.000000000000000000e+00
-1.000000000000000000e+00
-1.000000000000000000e+00
-1.000000000000000000e+00
-1.000000000000000000e+00
-1.000000000000000000e+00
-1.000000000000000000e+00
-1.000000000000000000e+00
-1.000000000000000000e+00
-1.000000000000000000e+00
2.197000000000000000e+03
2.144000000000000000e+03
2.140000000000000000e+03
2.156000000000000000e+03
2.141000000000000000e+03
-1.000000000000000000e+00
-1.000000000000000000e+00
-1.000000000000000000e+00
-1.000000000000000000e+00
2.162000000000000000e+03
2.163000000000000000e+03
2.190000000000000000e+03
2.166000000000000000e+03
2.167000000000000000e+03
2.157000000000000000e+03
-1.000000000000000000e+00
-1.000000000000000000e+00
-1.000000000000000000e+00
-1.000000000000000000e+00
-1.000000000000000000e+00
-1.000000000000000000e+00
-1.000000000000000000e+00
-1.000000000000000000e+00
-1.000000000000000000e+00
-1.000000000000000000e+00
-1.000000000000000000e+00
-1.000000000000000000e+00
-1.000000000000000000e+00
2.184000000000000000e+03
-1.000000000000000000e+00
-1.000000000000000000e+00
-1.000000000000000000e+00
-1.000000000000000000e+00
-1.000000000000000000e+00
2.282000000000000000e+03
-1.000000000000000000e+00
-1.000000000000000000e+00
2.222000000000000000e+03
-1.000000000000000000e+00
2.198000000000000000e+03
-1.000000000000000000e+00
2.186000000000000000e+03
2.188000000000000000e+03
-1.000000000000000000e+00
-1.000000000000000000e+00
-1.000000000000000000e+00
-1.000000000000000000e+00
-1.000000000000000000e+00
-1.000000000000000000e+00
-1.000000000000000000e+00
2.234000000000000000e+03
-1.000000000000000000e+00
-1.000000000000000000e+00
2.250000000000000000e+03
2.211000000000000000e+03
2.241000000000000000e+03
2.212000000000000000e+03
-1.000000000000000000e+00
2.203000000000000000e+03
2.205000000000000000e+03
2.185000000000000000e+03
-1.000000000000000000e+00
-1.000000000000000000e+00
-1.000000000000000000e+00
-1.000000000000000000e+00
-1.000000000000000000e+00
-1.000000000000000000e+00
2.224000000000000000e+03
2.237000000000000000e+03
2.225000000000000000e+03
2.229000000000000000e+03
2.206000000000000000e+03
-1.000000000000000000e+00
2.286000000000000000e+03
2.226000000000000000e+03
-1.000000000000000000e+00
2.230000000000000000e+03
-1.000000000000000000e+00
-1.000000000000000000e+00
-1.000000000000000000e+00
-1.000000000000000000e+00
-1.000000000000000000e+00
-1.000000000000000000e+00
-1.000000000000000000e+00
2.274000000000000000e+03
-1.000000000000000000e+00
-1.000000000000000000e+00
-1.000000000000000000e+00
-1.000000000000000000e+00
-1.000000000000000000e+00
-1.000000000000000000e+00
-1.000000000000000000e+00
2.310000000000000000e+03
2.289000000000000000e+03
-1.000000000000000000e+00
-1.000000000000000000e+00
2.254000000000000000e+03
-1.000000000000000000e+00
-1.000000000000000000e+00
-1.000000000000000000e+00
-1.000000000000000000e+00
-1.000000000000000000e+00
-1.000000000000000000e+00
-1.000000000000000000e+00
-1.000000000000000000e+00
-1.000000000000000000e+00
-1.000000000000000000e+00
-1.000000000000000000e+00
2.302000000000000000e+03
-1.000000000000000000e+00
-1.000000000000000000e+00
-1.000000000000000000e+00
-1.000000000000000000e+00
2.336000000000000000e+03
2.313000000000000000e+03
2.293000000000000000e+03
-1.000000000000000000e+00
2.318000000000000000e+03
2.330000000000000000e+03
2.306000000000000000e+03
-1.000000000000000000e+00
-1.000000000000000000e+00
-1.000000000000000000e+00
-1.000000000000000000e+00
-1.000000000000000000e+00
-1.000000000000000000e+00
-1.000000000000000000e+00
-1.000000000000000000e+00
2.357000000000000000e+03
-1.000000000000000000e+00
-1.000000000000000000e+00
2.346000000000000000e+03
2.359000000000000000e+03
-1.000000000000000000e+00
2.315000000000000000e+03
2.317000000000000000e+03
-1.000000000000000000e+00
-1.000000000000000000e+00
-1.000000000000000000e+00
-1.000000000000000000e+00
-1.000000000000000000e+00
-1.000000000000000000e+00
-1.000000000000000000e+00
-1.000000000000000000e+00
-1.000000000000000000e+00
-1.000000000000000000e+00
-1.000000000000000000e+00
-1.000000000000000000e+00
-1.000000000000000000e+00
-1.000000000000000000e+00
-1.000000000000000000e+00
-1.000000000000000000e+00
-1.000000000000000000e+00
-1.000000000000000000e+00
2.347000000000000000e+03
2.371000000000000000e+03
2.372000000000000000e+03
2.337000000000000000e+03
-1.000000000000000000e+00
-1.000000000000000000e+00
-1.000000000000000000e+00
-1.000000000000000000e+00
-1.000000000000000000e+00
-1.000000000000000000e+00
2.416000000000000000e+03
2.409000000000000000e+03
-1.000000000000000000e+00
2.394000000000000000e+03
2.362000000000000000e+03
2.352000000000000000e+03
2.374000000000000000e+03
-1.000000000000000000e+00
-1.000000000000000000e+00
-1.000000000000000000e+00
-1.000000000000000000e+00
-1.000000000000000000e+00
-1.000000000000000000e+00
-1.000000000000000000e+00
-1.000000000000000000e+00
-1.000000000000000000e+00
-1.000000000000000000e+00
-1.000000000000000000e+00
-1.000000000000000000e+00
-1.000000000000000000e+00
-1.000000000000000000e+00
2.440000000000000000e+03
-1.000000000000000000e+00
-1.000000000000000000e+00
-1.000000000000000000e+00
-1.000000000000000000e+00
-1.000000000000000000e+00
-1.000000000000000000e+00
2.399000000000000000e+03
2.401000000000000000e+03
2.411000000000000000e+03
-1.000000000000000000e+00
2.384000000000000000e+03
-1.000000000000000000e+00
-1.000000000000000000e+00
-1.000000000000000000e+00
-1.000000000000000000e+00
2.433000000000000000e+03
-1.000000000000000000e+00
-1.000000000000000000e+00
-1.000000000000000000e+00
-1.000000000000000000e+00
2.497000000000000000e+03
-1.000000000000000000e+00
-1.000000000000000000e+00
-1.000000000000000000e+00
2.475000000000000000e+03
2.437000000000000000e+03
2.463000000000000000e+03
2.413000000000000000e+03
-1.000000000000000000e+00
-1.000000000000000000e+00
-1.000000000000000000e+00
-1.000000000000000000e+00
-1.000000000000000000e+00
-1.000000000000000000e+00
-1.000000000000000000e+00
-1.000000000000000000e+00
-1.000000000000000000e+00
2.480000000000000000e+03
2.502000000000000000e+03
2.442000000000000000e+03
2.486000000000000000e+03
2.464000000000000000e+03
2.422000000000000000e+03
2.467000000000000000e+03
-1.000000000000000000e+00
-1.000000000000000000e+00
2.473000000000000000e+03
-1.000000000000000000e+00
-1.000000000000000000e+00
-1.000000000000000000e+00
2.501000000000000000e+03
-1.000000000000000000e+00
-1.000000000000000000e+00
2.483000000000000000e+03
-1.000000000000000000e+00
2.485000000000000000e+03
-1.000000000000000000e+00
-1.000000000000000000e+00
2.446000000000000000e+03
2.489000000000000000e+03
2.434000000000000000e+03
2.465000000000000000e+03
2.449000000000000000e+03
-1.000000000000000000e+00
2.435000000000000000e+03
-1.000000000000000000e+00
2.427000000000000000e+03
2.494000000000000000e+03
-1.000000000000000000e+00
-1.000000000000000000e+00
-1.000000000000000000e+00
-1.000000000000000000e+00
-1.000000000000000000e+00
-1.000000000000000000e+00
2.462000000000000000e+03
-1.000000000000000000e+00
2.450000000000000000e+03
2.452000000000000000e+03
2.453000000000000000e+03
2.471000000000000000e+03
-1.000000000000000000e+00
-1.000000000000000000e+00
-1.000000000000000000e+00
-1.000000000000000000e+00
2.558000000000000000e+03
2.559000000000000000e+03
2.503000000000000000e+03
2.468000000000000000e+03
2.470000000000000000e+03
2.492000000000000000e+03
-1.000000000000000000e+00
-1.000000000000000000e+00
-1.000000000000000000e+00
-1.000000000000000000e+00
-1.000000000000000000e+00
-1.000000000000000000e+00
-1.000000000000000000e+00
-1.000000000000000000e+00
-1.000000000000000000e+00
-1.000000000000000000e+00
-1.000000000000000000e+00
-1.000000000000000000e+00
-1.000000000000000000e+00
2.560000000000000000e+03
-1.000000000000000000e+00
2.544000000000000000e+03
2.536000000000000000e+03
2.524000000000000000e+03
2.525000000000000000e+03
-1.000000000000000000e+00
-1.000000000000000000e+00
-1.000000000000000000e+00
-1.000000000000000000e+00
-1.000000000000000000e+00
-1.000000000000000000e+00
-1.000000000000000000e+00
2.527000000000000000e+03
2.528000000000000000e+03
-1.000000000000000000e+00
-1.000000000000000000e+00
-1.000000000000000000e+00
-1.000000000000000000e+00
-1.000000000000000000e+00
2.542000000000000000e+03
-1.000000000000000000e+00
2.515000000000000000e+03
2.543000000000000000e+03
-1.000000000000000000e+00
-1.000000000000000000e+00
2.518000000000000000e+03
2.537000000000000000e+03
-1.000000000000000000e+00
-1.000000000000000000e+00
-1.000000000000000000e+00
-1.000000000000000000e+00
-1.000000000000000000e+00
2.541000000000000000e+03
2.562000000000000000e+03
-1.000000000000000000e+00
2.548000000000000000e+03
2.538000000000000000e+03
2.550000000000000000e+03
2.574000000000000000e+03
2.520000000000000000e+03
2.521000000000000000e+03
-1.000000000000000000e+00
-1.000000000000000000e+00
-1.000000000000000000e+00
-1.000000000000000000e+00
-1.000000000000000000e+00
-1.000000000000000000e+00
-1.000000000000000000e+00
2.545000000000000000e+03
-1.000000000000000000e+00
2.549000000000000000e+03
-1.000000000000000000e+00
-1.000000000000000000e+00
2.625000000000000000e+03
2.626000000000000000e+03
2.609000000000000000e+03
2.611000000000000000e+03
2.572000000000000000e+03
-1.000000000000000000e+00
2.555000000000000000e+03
-1.000000000000000000e+00
2.581000000000000000e+03
2.584000000000000000e+03
2.585000000000000000e+03
-1.000000000000000000e+00
-1.000000000000000000e+00
-1.000000000000000000e+00
-1.000000000000000000e+00
2.635000000000000000e+03
2.647000000000000000e+03
-1.000000000000000000e+00
2.624000000000000000e+03
-1.000000000000000000e+00
-1.000000000000000000e+00
2.639000000000000000e+03
2.649000000000000000e+03
-1.000000000000000000e+00
-1.000000000000000000e+00
-1.000000000000000000e+00
2.592000000000000000e+03
-1.000000000000000000e+00
-1.000000000000000000e+00
-1.000000000000000000e+00
2.608000000000000000e+03
2.573000000000000000e+03
2.620000000000000000e+03
-1.000000000000000000e+00
-1.000000000000000000e+00
-1.000000000000000000e+00
-1.000000000000000000e+00
-1.000000000000000000e+00
-1.000000000000000000e+00
-1.000000000000000000e+00
2.618000000000000000e+03
2.619000000000000000e+03
-1.000000000000000000e+00
-1.000000000000000000e+00
-1.000000000000000000e+00
-1.000000000000000000e+00
-1.000000000000000000e+00
-1.000000000000000000e+00
2.665000000000000000e+03
-1.000000000000000000e+00
2.629000000000000000e+03
2.630000000000000000e+03
2.614000000000000000e+03
2.631000000000000000e+03
2.654000000000000000e+03
2.643000000000000000e+03
-1.000000000000000000e+00
-1.000000000000000000e+00
-1.000000000000000000e+00
-1.000000000000000000e+00
-1.000000000000000000e+00
-1.000000000000000000e+00
-1.000000000000000000e+00
2.676000000000000000e+03
-1.000000000000000000e+00
-1.000000000000000000e+00
-1.000000000000000000e+00
2.715000000000000000e+03
2.706000000000000000e+03
2.651000000000000000e+03
2.659000000000000000e+03
2.662000000000000000e+03
2.678000000000000000e+03
2.679000000000000000e+03
2.680000000000000000e+03
2.681000000000000000e+03
2.664000000000000000e+03
-1.000000000000000000e+00
2.655000000000000000e+03
-1.000000000000000000e+00
-1.000000000000000000e+00
-1.000000000000000000e+00
-1.000000000000000000e+00
-1.000000000000000000e+00
-1.000000000000000000e+00
-1.000000000000000000e+00
2.699000000000000000e+03
2.709000000000000000e+03
2.667000000000000000e+03
2.686000000000000000e+03
-1.000000000000000000e+00
2.668000000000000000e+03
-1.000000000000000000e+00
2.691000000000000000e+03
2.671000000000000000e+03
-1.000000000000000000e+00
-1.000000000000000000e+00
2.714000000000000000e+03
-1.000000000000000000e+00
-1.000000000000000000e+00
2.729000000000000000e+03
2.717000000000000000e+03
2.684000000000000000e+03
-1.000000000000000000e+00
-1.000000000000000000e+00
-1.000000000000000000e+00
-1.000000000000000000e+00
-1.000000000000000000e+00
-1.000000000000000000e+00
-1.000000000000000000e+00
-1.000000000000000000e+00
2.750000000000000000e+03
2.726000000000000000e+03
2.728000000000000000e+03
-1.000000000000000000e+00
-1.000000000000000000e+00
-1.000000000000000000e+00
-1.000000000000000000e+00
-1.000000000000000000e+00
-1.000000000000000000e+00
-1.000000000000000000e+00
-1.000000000000000000e+00
-1.000000000000000000e+00
-1.000000000000000000e+00
-1.000000000000000000e+00
2.716000000000000000e+03
-1.000000000000000000e+00
2.732000000000000000e+03
-1.000000000000000000e+00
-1.000000000000000000e+00
-1.000000000000000000e+00
-1.000000000000000000e+00
-1.000000000000000000e+00
-1.000000000000000000e+00
-1.000000000000000000e+00
-1.000000000000000000e+00
-1.000000000000000000e+00
-1.000000000000000000e+00
-1.000000000000000000e+00
-1.000000000000000000e+00
-1.000000000000000000e+00
2.787000000000000000e+03
-1.000000000000000000e+00
2.768000000000000000e+03
2.739000000000000000e+03
2.758000000000000000e+03
-1.000000000000000000e+00
-1.000000000000000000e+00
-1.000000000000000000e+00
2.798000000000000000e+03
2.781000000000000000e+03
-1.000000000000000000e+00
-1.000000000000000000e+00
-1.000000000000000000e+00
-1.000000000000000000e+00
-1.000000000000000000e+00
2.814000000000000000e+03
-1.000000000000000000e+00
-1.000000000000000000e+00
2.799000000000000000e+03
2.784000000000000000e+03
-1.000000000000000000e+00
2.788000000000000000e+03
-1.000000000000000000e+00
-1.000000000000000000e+00
-1.000000000000000000e+00
-1.000000000000000000e+00
-1.000000000000000000e+00
-1.000000000000000000e+00
-1.000000000000000000e+00
2.811000000000000000e+03
-1.000000000000000000e+00
2.774000000000000000e+03
-1.000000000000000000e+00
-1.000000000000000000e+00
-1.000000000000000000e+00
-1.000000000000000000e+00
-1.000000000000000000e+00
-1.000000000000000000e+00
-1.000000000000000000e+00
2.826000000000000000e+03
2.817000000000000000e+03
-1.000000000000000000e+00
2.790000000000000000e+03
2.808000000000000000e+03
-1.000000000000000000e+00
-1.000000000000000000e+00
-1.000000000000000000e+00
-1.000000000000000000e+00
2.863000000000000000e+03
-1.000000000000000000e+00
-1.000000000000000000e+00
2.816000000000000000e+03
2.835000000000000000e+03
-1.000000000000000000e+00
-1.000000000000000000e+00
-1.000000000000000000e+00
-1.000000000000000000e+00
-1.000000000000000000e+00
-1.000000000000000000e+00
-1.000000000000000000e+00
2.864000000000000000e+03
2.866000000000000000e+03
2.838000000000000000e+03
2.818000000000000000e+03
-1.000000000000000000e+00
-1.000000000000000000e+00
2.841000000000000000e+03
-1.000000000000000000e+00
2.880000000000000000e+03
-1.000000000000000000e+00
-1.000000000000000000e+00
-1.000000000000000000e+00
-1.000000000000000000e+00
2.862000000000000000e+03
2.873000000000000000e+03
-1.000000000000000000e+00
2.877000000000000000e+03
-1.000000000000000000e+00
-1.000000000000000000e+00
-1.000000000000000000e+00
-1.000000000000000000e+00
-1.000000000000000000e+00
-1.000000000000000000e+00
-1.000000000000000000e+00
-1.000000000000000000e+00
-1.000000000000000000e+00
2.885000000000000000e+03
-1.000000000000000000e+00
-1.000000000000000000e+00
-1.000000000000000000e+00
-1.000000000000000000e+00
-1.000000000000000000e+00
-1.000000000000000000e+00
2.896000000000000000e+03
-1.000000000000000000e+00
2.897000000000000000e+03
-1.000000000000000000e+00
-1.000000000000000000e+00
-1.000000000000000000e+00
-1.000000000000000000e+00
2.894000000000000000e+03
2.925000000000000000e+03
-1.000000000000000000e+00
-1.000000000000000000e+00
2.917000000000000000e+03
-1.000000000000000000e+00
-1.000000000000000000e+00
-1.000000000000000000e+00
-1.000000000000000000e+00
-1.000000000000000000e+00
-1.000000000000000000e+00
-1.000000000000000000e+00
-1.000000000000000000e+00
-1.000000000000000000e+00
-1.000000000000000000e+00
2.926000000000000000e+03
2.928000000000000000e+03
2.899000000000000000e+03
2.930000000000000000e+03
-1.000000000000000000e+00
-1.000000000000000000e+00
-1.000000000000000000e+00
-1.000000000000000000e+00
-1.000000000000000000e+00
-1.000000000000000000e+00
-1.000000000000000000e+00
-1.000000000000000000e+00
-1.000000000000000000e+00
-1.000000000000000000e+00
-1.000000000000000000e+00
-1.000000000000000000e+00
2.921000000000000000e+03
2.923000000000000000e+03
-1.000000000000000000e+00
-1.000000000000000000e+00
-1.000000000000000000e+00
-1.000000000000000000e+00
-1.000000000000000000e+00
2.941000000000000000e+03
-1.000000000000000000e+00
-1.000000000000000000e+00
-1.000000000000000000e+00
-1.000000000000000000e+00
-1.000000000000000000e+00
-1.000000000000000000e+00
2.969000000000000000e+03
-1.000000000000000000e+00
2.977000000000000000e+03
-1.000000000000000000e+00
-1.000000000000000000e+00
-1.000000000000000000e+00
-1.000000000000000000e+00
2.974000000000000000e+03
-1.000000000000000000e+00
2.976000000000000000e+03
-1.000000000000000000e+00
2.980000000000000000e+03
-1.000000000000000000e+00
-1.000000000000000000e+00
-1.000000000000000000e+00
-1.000000000000000000e+00
-1.000000000000000000e+00
-1.000000000000000000e+00
-1.000000000000000000e+00
-1.000000000000000000e+00
2.979000000000000000e+03
2.996000000000000000e+03
-1.000000000000000000e+00
-1.000000000000000000e+00
-1.000000000000000000e+00
3.029000000000000000e+03
3.021000000000000000e+03
3.008000000000000000e+03
3.010000000000000000e+03
-1.000000000000000000e+00
-1.000000000000000000e+00
-1.000000000000000000e+00
-1.000000000000000000e+00
-1.000000000000000000e+00
-1.000000000000000000e+00
-1.000000000000000000e+00
3.004000000000000000e+03
-1.000000000000000000e+00
3.030000000000000000e+03
-1.000000000000000000e+00
-1.000000000000000000e+00
-1.000000000000000000e+00
-1.000000000000000000e+00
-1.000000000000000000e+00
-1.000000000000000000e+00
-1.000000000000000000e+00
-1.000000000000000000e+00
-1.000000000000000000e+00
-1.000000000000000000e+00
-1.000000000000000000e+00
-1.000000000000000000e+00
-1.000000000000000000e+00
3.032000000000000000e+03
-1.000000000000000000e+00
-1.000000000000000000e+00
3.027000000000000000e+03
-1.000000000000000000e+00
3.050000000000000000e+03
-1.000000000000000000e+00
-1.000000000000000000e+00
-1.000000000000000000e+00
-1.000000000000000000e+00
-1.000000000000000000e+00
-1.000000000000000000e+00
-1.000000000000000000e+00
-1.000000000000000000e+00
-1.000000000000000000e+00
-1.000000000000000000e+00
-1.000000000000000000e+00
3.092000000000000000e+03
-1.000000000000000000e+00
3.094000000000000000e+03
-1.000000000000000000e+00
-1.000000000000000000e+00
-1.000000000000000000e+00
-1.000000000000000000e+00
-1.000000000000000000e+00
3.090000000000000000e+03
3.091000000000000000e+03
3.081000000000000000e+03
-1.000000000000000000e+00
-1.000000000000000000e+00
-1.000000000000000000e+00
-1.000000000000000000e+00
-1.000000000000000000e+00
-1.000000000000000000e+00
-1.000000000000000000e+00
-1.000000000000000000e+00
-1.000000000000000000e+00
3.089000000000000000e+03
-1.000000000000000000e+00
-1.000000000000000000e+00
-1.000000000000000000e+00
-1.000000000000000000e+00
-1.000000000000000000e+00
-1.000000000000000000e+00
-1.000000000000000000e+00
-1.000000000000000000e+00
-1.000000000000000000e+00
-1.000000000000000000e+00
-1.000000000000000000e+00
3.134000000000000000e+03
-1.000000000000000000e+00
-1.000000000000000000e+00
-1.000000000000000000e+00
-1.000000000000000000e+00
-1.000000000000000000e+00
-1.000000000000000000e+00
-1.000000000000000000e+00
-1.000000000000000000e+00
-1.000000000000000000e+00
-1.000000000000000000e+00
-1.000000000000000000e+00
-1.000000000000000000e+00
-1.000000000000000000e+00
-1.000000000000000000e+00
-1.000000000000000000e+00
-1.000000000000000000e+00
-1.000000000000000000e+00
-1.000000000000000000e+00
3.162000000000000000e+03
-1.000000000000000000e+00
-1.000000000000000000e+00
-1.000000000000000000e+00
-1.000000000000000000e+00
-1.000000000000000000e+00
-1.000000000000000000e+00
-1.000000000000000000e+00
-1.000000000000000000e+00
-1.000000000000000000e+00
-1.000000000000000000e+00
-1.000000000000000000e+00
-1.000000000000000000e+00
-1.000000000000000000e+00
-1.000000000000000000e+00
-1.000000000000000000e+00
-1.000000000000000000e+00
-1.000000000000000000e+00
-1.000000000000000000e+00
-1.000000000000000000e+00
-1.000000000000000000e+00
-1.000000000000000000e+00
-1.000000000000000000e+00
-1.000000000000000000e+00
-1.000000000000000000e+00
-1.000000000000000000e+00
-1.000000000000000000e+00
-1.000000000000000000e+00
-1.000000000000000000e+00
-1.000000000000000000e+00
-1.000000000000000000e+00
-1.000000000000000000e+00
-1.000000000000000000e+00
-1.000000000000000000e+00
-1.000000000000000000e+00
-1.000000000000000000e+00
-1.000000000000000000e+00
-1.000000000000000000e+00
-1.000000000000000000e+00
-1.000000000000000000e+00
-1.000000000000000000e+00
-1.000000000000000000e+00
-1.000000000000000000e+00
-1.000000000000000000e+00
-1.000000000000000000e+00
-1.000000000000000000e+00
-1.000000000000000000e+00
-1.000000000000000000e+00
-1.000000000000000000e+00
-1.000000000000000000e+00
-1.000000000000000000e+00
-1.000000000000000000e+00
-1.000000000000000000e+00
-1.000000000000000000e+00
-1.000000000000000000e+00
-1.000000000000000000e+00
-1.000000000000000000e+00
-1.000000000000000000e+00
-1.000000000000000000e+00
-1.000000000000000000e+00
-1.000000000000000000e+00
-1.000000000000000000e+00
-1.000000000000000000e+00
-1.000000000000000000e+00
-1.000000000000000000e+00
-1.000000000000000000e+00
-1.000000000000000000e+00
3.276000000000000000e+03
-1.000000000000000000e+00
-1.000000000000000000e+00
-1.000000000000000000e+00
-1.000000000000000000e+00
-1.000000000000000000e+00
-1.000000000000000000e+00
-1.000000000000000000e+00
-1.000000000000000000e+00
-1.000000000000000000e+00
-1.000000000000000000e+00
-1.000000000000000000e+00
-1.000000000000000000e+00
-1.000000000000000000e+00
-1.000000000000000000e+00
-1.000000000000000000e+00
-1.000000000000000000e+00
-1.000000000000000000e+00
-1.000000000000000000e+00
-1.000000000000000000e+00
-1.000000000000000000e+00
-1.000000000000000000e+00
-1.000000000000000000e+00
-1.000000000000000000e+00
-1.000000000000000000e+00
-1.000000000000000000e+00
-1.000000000000000000e+00
-1.000000000000000000e+00
-1.000000000000000000e+00
-1.000000000000000000e+00
-1.000000000000000000e+00
-1.000000000000000000e+00
-1.000000000000000000e+00
-1.000000000000000000e+00
-1.000000000000000000e+00
-1.000000000000000000e+00
-1.000000000000000000e+00
-1.000000000000000000e+00
-1.000000000000000000e+00
-1.000000000000000000e+00
-1.000000000000000000e+00
-1.000000000000000000e+00
-1.000000000000000000e+00
-1.000000000000000000e+00
-1.000000000000000000e+00
-1.000000000000000000e+00
-1.000000000000000000e+00
-1.000000000000000000e+00
-1.000000000000000000e+00
-1.000000000000000000e+00
-1.000000000000000000e+00
-1.000000000000000000e+00
-1.000000000000000000e+00
-1.000000000000000000e+00
-1.000000000000000000e+00
-1.000000000000000000e+00
-1.000000000000000000e+00
-1.000000000000000000e+00
-1.000000000000000000e+00
-1.000000000000000000e+00
-1.000000000000000000e+00
-1.000000000000000000e+00
-1.000000000000000000e+00
-1.000000000000000000e+00
-1.000000000000000000e+00
-1.000000000000000000e+00
-1.000000000000000000e+00
-1.000000000000000000e+00
-1.000000000000000000e+00
-1.000000000000000000e+00
-1.000000000000000000e+00
-1.000000000000000000e+00
-1.000000000000000000e+00
-1.000000000000000000e+00
-1.000000000000000000e+00
-1.000000000000000000e+00
-1.000000000000000000e+00
-1.000000000000000000e+00
-1.000000000000000000e+00
-1.000000000000000000e+00
-1.000000000000000000e+00
-1.000000000000000000e+00
-1.000000000000000000e+00
-1.000000000000000000e+00
-1.000000000000000000e+00
-1.000000000000000000e+00
-1.000000000000000000e+00
-1.000000000000000000e+00
-1.000000000000000000e+00
-1.000000000000000000e+00
-1.000000000000000000e+00
-1.000000000000000000e+00
-1.000000000000000000e+00
-1.000000000000000000e+00
-1.000000000000000000e+00
-1.000000000000000000e+00
-1.000000000000000000e+00
-1.000000000000000000e+00
-1.000000000000000000e+00
-1.000000000000000000e+00
-1.000000000000000000e+00
-1.000000000000000000e+00
-1.000000000000000000e+00
-1.000000000000000000e+00
-1.000000000000000000e+00
-1.000000000000000000e+00
-1.000000000000000000e+00
-1.000000000000000000e+00
-1.000000000000000000e+00
-1.000000000000000000e+00
-1.000000000000000000e+00
-1.000000000000000000e+00
-1.000000000000000000e+00
-1.000000000000000000e+00
-1.000000000000000000e+00
-1.000000000000000000e+00
-1.000000000000000000e+00
-1.000000000000000000e+00
-1.000000000000000000e+00
-1.000000000000000000e+00
-1.000000000000000000e+00
-1.000000000000000000e+00
-1.000000000000000000e+00
-1.000000000000000000e+00
-1.000000000000000000e+00
-1.000000000000000000e+00
-1.000000000000000000e+00
-1.000000000000000000e+00
-1.000000000000000000e+00
-1.000000000000000000e+00
-1.000000000000000000e+00
-1.000000000000000000e+00
-1.000000000000000000e+00
-1.000000000000000000e+00
-1.000000000000000000e+00
-1.000000000000000000e+00
-1.000000000000000000e+00
-1.000000000000000000e+00
-1.000000000000000000e+00
-1.000000000000000000e+00
-1.000000000000000000e+00
-1.000000000000000000e+00
-1.000000000000000000e+00
-1.000000000000000000e+00
-1.000000000000000000e+00
-1.000000000000000000e+00
-1.000000000000000000e+00
-1.000000000000000000e+00
-1.000000000000000000e+00
-1.000000000000000000e+00
-1.000000000000000000e+00
