6.000000000000000000e+00
-1.000000000000000000e+00
4.000000000000000000e+01
1.900000000000000000e+01
-1.000000000000000000e+00
3.500000000000000000e+01
4.200000000000000000e+01
5.100000000000000000e+01
4.300000000000000000e+01
-1.000000000000000000e+00
2.800000000000000000e+01
3.700000000000000000e+01
4.900000000000000000e+01
4.400000000000000000e+01
5.700000000000000000e+01
-1.000000000000000000e+00
-1.000000000000000000e+00
4.500000000000000000e+01
5.300000000000000000e+01
6.000000000000000000e+01
-1.000000000000000000e+00
8.400000000000000000e+01
8.500000000000000000e+01
6.500000000000000000e+01
9.700000000000000000e+01
-1.000000000000000000e+00
9.100000000000000000e+01
6.300000000000000000e+01
-1.000000000000000000e+00
7.400000000000000000e+01
7.700000000000000000e+01
-1.000000000000000000e+00
-1.000000000000000000e+00
9.900000000000000000e+01
-1.000000000000000000e+00
8.900000000000000000e+01
1.150000000000000000e+02
1.190000000000000000e+02
-1.000000000000000000e+00
-1.000000000000000000e+00
9.800000000000000000e+01
8.100000000000000000e+01
1.040000000000000000e+02
-1.000000000000000000e+00
-1.000000000000000000e+00
1.120000000000000000e+02
-1.000000000000000000e+00
1.500000000000000000e+02
1.290000000000000000e+02
1.100000000000000000e+02
1.050000000000000000e+02
1.110000000000000000e+02
-1.000000000000000000e+00
1.390000000000000000e+02
-1.000000000000000000e+00
1.340000000000000000e+02
1.350000000000000000e+02
2.030000000000000000e+02
-1.000000000000000000e+00
1.370000000000000000e+02
1.060000000000000000e+02
1.330000000000000000e+02
1.990000000000000000e+02
-1.000000000000000000e+00
1.530000000000000000e+02
1.820000000000000000e+02
1.560000000000000000e+02
-1.000000000000000000e+00
-1.000000000000000000e+00
-1.000000000000000000e+00
1.580000000000000000e+02
-1.000000000000000000e+00
1.600000000000000000e+02
1.640000000000000000e+02
1.790000000000000000e+02
-1.000000000000000000e+00
1.630000000000000000e+02
-1.000000000000000000e+00
-1.000000000000000000e+00
1.750000000000000000e+02
1.970000000000000000e+02
-1.000000000000000000e+00
2.140000000000000000e+02
2.540000000000000000e+02
2.260000000000000000e+02
2.010000000000000000e+02
-1.000000000000000000e+00
2.060000000000000000e+02
-1.000000000000000000e+00
2.270000000000000000e+02
2.040000000000000000e+02
-1.000000000000000000e+00
2.170000000000000000e+02
2.510000000000000000e+02
2.460000000000000000e+02
-1.000000000000000000e+00
2.220000000000000000e+02
2.240000000000000000e+02
2.360000000000000000e+02
-1.000000000000000000e+00
2.620000000000000000e+02
2.500000000000000000e+02
2.450000000000000000e+02
2.850000000000000000e+02
2.730000000000000000e+02
-1.000000000000000000e+00
2.410000000000000000e+02
-1.000000000000000000e+00
-1.000000000000000000e+00
-1.000000000000000000e+00
3.000000000000000000e+02
-1.000000000000000000e+00
-1.000000000000000000e+00
2.830000000000000000e+02
2.750000000000000000e+02
2.660000000000000000e+02
2.690000000000000000e+02
2.770000000000000000e+02
-1.000000000000000000e+00
2.930000000000000000e+02
-1.000000000000000000e+00
2.700000000000000000e+02
-1.000000000000000000e+00
-1.000000000000000000e+00
-1.000000000000000000e+00
3.090000000000000000e+02
2.950000000000000000e+02
-1.000000000000000000e+00
-1.000000000000000000e+00
-1.000000000000000000e+00
-1.000000000000000000e+00
-1.000000000000000000e+00
-1.000000000000000000e+00
2.890000000000000000e+02
3.100000000000000000e+02
2.840000000000000000e+02
-1.000000000000000000e+00
3.310000000000000000e+02
3.370000000000000000e+02
-1.000000000000000000e+00
3.040000000000000000e+02
3.110000000000000000e+02
3.450000000000000000e+02
3.260000000000000000e+02
-1.000000000000000000e+00
-1.000000000000000000e+00
3.380000000000000000e+02
3.200000000000000000e+02
3.580000000000000000e+02
-1.000000000000000000e+00
3.350000000000000000e+02
-1.000000000000000000e+00
-1.000000000000000000e+00
3.290000000000000000e+02
-1.000000000000000000e+00
3.360000000000000000e+02
3.210000000000000000e+02
3.590000000000000000e+02
3.440000000000000000e+02
3.330000000000000000e+02
-1.000000000000000000e+00
3.270000000000000000e+02
3.620000000000000000e+02
3.830000000000000000e+02
-1.000000000000000000e+00
-1.000000000000000000e+00
-1.000000000000000000e+00
-1.000000000000000000e+00
3.680000000000000000e+02
3.340000000000000000e+02
3.700000000000000000e+02
-1.000000000000000000e+00
3.540000000000000000e+02
3.650000000000000000e+02
3.940000000000000000e+02
3.810000000000000000e+02
-1.000000000000000000e+00
3.570000000000000000e+02
3.960000000000000000e+02
3.750000000000000000e+02
-1.000000000000000000e+00
-1.000000000000000000e+00
3.770000000000000000e+02
3.860000000000000000e+02
3.900000000000000000e+02
-1.000000000000000000e+00
-1.000000000000000000e+00
-1.000000000000000000e+00
3.990000000000000000e+02
-1.000000000000000000e+00
3.800000000000000000e+02
-1.000000000000000000e+00
4.300000000000000000e+02
3.840000000000000000e+02
3.970000000000000000e+02
-1.000000000000000000e+00
-1.000000000000000000e+00
-1.000000000000000000e+00
-1.000000000000000000e+00
4.080000000000000000e+02
-1.000000000000000000e+00
4.120000000000000000e+02
4.010000000000000000e+02
4.750000000000000000e+02
4.250000000000000000e+02
4.040000000000000000e+02
4.420000000000000000e+02
4.220000000000000000e+02
4.190000000000000000e+02
4.050000000000000000e+02
4.270000000000000000e+02
4.150000000000000000e+02
4.400000000000000000e+02
-1.000000000000000000e+00
4.600000000000000000e+02
-1.000000000000000000e+00
-1.000000000000000000e+00
-1.000000000000000000e+00
4.240000000000000000e+02
-1.000000000000000000e+00
5.090000000000000000e+02
4.170000000000000000e+02
4.350000000000000000e+02
4.130000000000000000e+02
-1.000000000000000000e+00
-1.000000000000000000e+00
4.280000000000000000e+02
4.590000000000000000e+02
4.360000000000000000e+02
4.770000000000000000e+02
4.560000000000000000e+02
4.580000000000000000e+02
-1.000000000000000000e+00
4.430000000000000000e+02
4.480000000000000000e+02
-1.000000000000000000e+00
4.510000000000000000e+02
4.630000000000000000e+02
-1.000000000000000000e+00
-1.000000000000000000e+00
4.790000000000000000e+02
4.610000000000000000e+02
4.800000000000000000e+02
4.500000000000000000e+02
4.720000000000000000e+02
4.290000000000000000e+02
4.380000000000000000e+02
4.460000000000000000e+02
4.520000000000000000e+02
4.810000000000000000e+02
4.900000000000000000e+02
-1.000000000000000000e+00
4.930000000000000000e+02
-1.000000000000000000e+00
-1.000000000000000000e+00
4.740000000000000000e+02
4.440000000000000000e+02
-1.000000000000000000e+00
4.730000000000000000e+02
4.990000000000000000e+02
5.190000000000000000e+02
-1.000000000000000000e+00
4.670000000000000000e+02
4.760000000000000000e+02
4.650000000000000000e+02
4.660000000000000000e+02
4.980000000000000000e+02
-1.000000000000000000e+00
4.880000000000000000e+02
5.000000000000000000e+02
-1.000000000000000000e+00
-1.000000000000000000e+00
4.960000000000000000e+02
5.070000000000000000e+02
5.160000000000000000e+02
4.840000000000000000e+02
-1.000000000000000000e+00
-1.000000000000000000e+00
-1.000000000000000000e+00
5.280000000000000000e+02
5.050000000000000000e+02
4.940000000000000000e+02
-1.000000000000000000e+00
-1.000000000000000000e+00
5.040000000000000000e+02
5.170000000000000000e+02
5.110000000000000000e+02
-1.000000000000000000e+00
-1.000000000000000000e+00
5.500000000000000000e+02
5.360000000000000000e+02
5.230000000000000000e+02
-1.000000000000000000e+00
5.310000000000000000e+02
5.220000000000000000e+02
5.460000000000000000e+02
5.300000000000000000e+02
5.270000000000000000e+02
5.530000000000000000e+02
-1.000000000000000000e+00
5.330000000000000000e+02
-1.000000000000000000e+00
-1.000000000000000000e+00
-1.000000000000000000e+00
5.370000000000000000e+02
5.400000000000000000e+02
-1.000000000000000000e+00
5.670000000000000000e+02
-1.000000000000000000e+00
5.760000000000000000e+02
-1.000000000000000000e+00
5.620000000000000000e+02
5.580000000000000000e+02
5.520000000000000000e+02
-1.000000000000000000e+00
5.720000000000000000e+02
5.780000000000000000e+02
5.870000000000000000e+02
-1.000000000000000000e+00
-1.000000000000000000e+00
5.920000000000000000e+02
-1.000000000000000000e+00
-1.000000000000000000e+00
5.810000000000000000e+02
-1.000000000000000000e+00
-1.000000000000000000e+00
-1.000000000000000000e+00
5.770000000000000000e+02
6.010000000000000000e+02
5.820000000000000000e+02
-1.000000000000000000e+00
-1.000000000000000000e+00
6.230000000000000000e+02
-1.000000000000000000e+00
6.020000000000000000e+02
-1.000000000000000000e+00
-1.000000000000000000e+00
6.080000000000000000e+02
5.880000000000000000e+02
-1.000000000000000000e+00
6.380000000000000000e+02
-1.000000000000000000e+00
-1.000000000000000000e+00
6.090000000000000000e+02
-1.000000000000000000e+00
-1.000000000000000000e+00
6.100000000000000000e+02
6.470000000000000000e+02
-1.000000000000000000e+00
-1.000000000000000000e+00
-1.000000000000000000e+00
-1.000000000000000000e+00
6.170000000000000000e+02
-1.000000000000000000e+00
-1.000000000000000000e+00
-1.000000000000000000e+00
6.490000000000000000e+02
-1.000000000000000000e+00
6.210000000000000000e+02
-1.000000000000000000e+00
-1.000000000000000000e+00
-1.000000000000000000e+00
-1.000000000000000000e+00
6.310000000000000000e+02
6.270000000000000000e+02
6.390000000000000000e+02
6.480000000000000000e+02
6.280000000000000000e+02
6.340000000000000000e+02
6.580000000000000000e+02
-1.000000000000000000e+00
6.760000000000000000e+02
6.420000000000000000e+02
6.630000000000000000e+02
-1.000000000000000000e+00
6.450000000000000000e+02
-1.000000000000000000e+00
6.880000000000000000e+02
-1.000000000000000000e+00
-1.000000000000000000e+00
6.710000000000000000e+02
6.790000000000000000e+02
6.600000000000000000e+02
6.520000000000000000e+02
7.010000000000000000e+02
-1.000000000000000000e+00
-1.000000000000000000e+00
6.690000000000000000e+02
6.770000000000000000e+02
7.060000000000000000e+02
6.720000000000000000e+02
6.820000000000000000e+02
7.320000000000000000e+02
7.120000000000000000e+02
6.970000000000000000e+02
6.830000000000000000e+02
6.840000000000000000e+02
-1.000000000000000000e+00
7.160000000000000000e+02
-1.000000000000000000e+00
7.110000000000000000e+02
-1.000000000000000000e+00
6.920000000000000000e+02
-1.000000000000000000e+00
-1.000000000000000000e+00
-1.000000000000000000e+00
-1.000000000000000000e+00
7.210000000000000000e+02
6.940000000000000000e+02
7.080000000000000000e+02
7.230000000000000000e+02
7.310000000000000000e+02
-1.000000000000000000e+00
7.150000000000000000e+02
-1.000000000000000000e+00
7.460000000000000000e+02
7.140000000000000000e+02
-1.000000000000000000e+00
-1.000000000000000000e+00
-1.000000000000000000e+00
7.580000000000000000e+02
7.590000000000000000e+02
7.380000000000000000e+02
7.250000000000000000e+02
-1.000000000000000000e+00
-1.000000000000000000e+00
7.500000000000000000e+02
7.290000000000000000e+02
6.980000000000000000e+02
7.470000000000000000e+02
-1.000000000000000000e+00
-1.000000000000000000e+00
-1.000000000000000000e+00
-1.000000000000000000e+00
7.630000000000000000e+02
-1.000000000000000000e+00
7.300000000000000000e+02
7.370000000000000000e+02
7.540000000000000000e+02
7.740000000000000000e+02
7.560000000000000000e+02
7.440000000000000000e+02
-1.000000000000000000e+00
8.040000000000000000e+02
-1.000000000000000000e+00
7.510000000000000000e+02
7.780000000000000000e+02
-1.000000000000000000e+00
-1.000000000000000000e+00
-1.000000000000000000e+00
7.900000000000000000e+02
-1.000000000000000000e+00
-1.000000000000000000e+00
7.610000000000000000e+02
7.660000000000000000e+02
7.760000000000000000e+02
-1.000000000000000000e+00
-1.000000000000000000e+00
-1.000000000000000000e+00
7.860000000000000000e+02
7.790000000000000000e+02
7.770000000000000000e+02
7.820000000000000000e+02
8.100000000000000000e+02
-1.000000000000000000e+00
7.830000000000000000e+02
8.160000000000000000e+02
7.910000000000000000e+02
-1.000000000000000000e+00
8.060000000000000000e+02
8.200000000000000000e+02
8.030000000000000000e+02
-1.000000000000000000e+00
-1.000000000000000000e+00
7.980000000000000000e+02
-1.000000000000000000e+00
8.190000000000000000e+02
7.600000000000000000e+02
8.070000000000000000e+02
8.280000000000000000e+02
-1.000000000000000000e+00
-1.000000000000000000e+00
-1.000000000000000000e+00
8.130000000000000000e+02
8.020000000000000000e+02
8.110000000000000000e+02
-1.000000000000000000e+00
8.260000000000000000e+02
8.320000000000000000e+02
-1.000000000000000000e+00
8.140000000000000000e+02
-1.000000000000000000e+00
-1.000000000000000000e+00
8.330000000000000000e+02
-1.000000000000000000e+00
8.340000000000000000e+02
-1.000000000000000000e+00
8.310000000000000000e+02
8.180000000000000000e+02
8.420000000000000000e+02
8.350000000000000000e+02
8.430000000000000000e+02
8.490000000000000000e+02
-1.000000000000000000e+00
8.510000000000000000e+02
-1.000000000000000000e+00
-1.000000000000000000e+00
8.460000000000000000e+02
-1.000000000000000000e+00
-1.000000000000000000e+00
8.530000000000000000e+02
-1.000000000000000000e+00
8.600000000000000000e+02
-1.000000000000000000e+00
-1.000000000000000000e+00
8.650000000000000000e+02
-1.000000000000000000e+00
-1.000000000000000000e+00
-1.000000000000000000e+00
-1.000000000000000000e+00
8.410000000000000000e+02
8.690000000000000000e+02
8.900000000000000000e+02
8.620000000000000000e+02
8.790000000000000000e+02
-1.000000000000000000e+00
8.890000000000000000e+02
8.680000000000000000e+02
8.830000000000000000e+02
8.770000000000000000e+02
8.850000000000000000e+02
8.660000000000000000e+02
-1.000000000000000000e+00
-1.000000000000000000e+00
-1.000000000000000000e+00
8.630000000000000000e+02
-1.000000000000000000e+00
9.330000000000000000e+02
8.990000000000000000e+02
9.000000000000000000e+02
9.020000000000000000e+02
8.880000000000000000e+02
8.810000000000000000e+02
-1.000000000000000000e+00
-1.000000000000000000e+00
-1.000000000000000000e+00
8.800000000000000000e+02
-1.000000000000000000e+00
8.950000000000000000e+02
-1.000000000000000000e+00
-1.000000000000000000e+00
9.360000000000000000e+02
-1.000000000000000000e+00
8.780000000000000000e+02
-1.000000000000000000e+00
8.910000000000000000e+02
9.050000000000000000e+02
9.140000000000000000e+02
9.310000000000000000e+02
9.100000000000000000e+02
8.980000000000000000e+02
9.120000000000000000e+02
-1.000000000000000000e+00
8.940000000000000000e+02
-1.000000000000000000e+00
-1.000000000000000000e+00
-1.000000000000000000e+00
9.060000000000000000e+02
9.190000000000000000e+02
9.250000000000000000e+02
-1.000000000000000000e+00
-1.000000000000000000e+00
-1.000000000000000000e+00
-1.000000000000000000e+00
9.090000000000000000e+02
9.420000000000000000e+02
-1.000000000000000000e+00
9.200000000000000000e+02
9.040000000000000000e+02
9.230000000000000000e+02
-1.000000000000000000e+00
9.300000000000000000e+02
9.340000000000000000e+02
9.490000000000000000e+02
-1.000000000000000000e+00
9.470000000000000000e+02
9.570000000000000000e+02
9.260000000000000000e+02
9.380000000000000000e+02
9.800000000000000000e+02
9.390000000000000000e+02
9.610000000000000000e+02
9.220000000000000000e+02
-1.000000000000000000e+00
9.460000000000000000e+02
9.400000000000000000e+02
-1.000000000000000000e+00
-1.000000000000000000e+00
9.880000000000000000e+02
-1.000000000000000000e+00
9.730000000000000000e+02
-1.000000000000000000e+00
-1.000000000000000000e+00
9.540000000000000000e+02
9.620000000000000000e+02
9.650000000000000000e+02
9.770000000000000000e+02
-1.000000000000000000e+00
-1.000000000000000000e+00
9.740000000000000000e+02
9.780000000000000000e+02
9.840000000000000000e+02
9.870000000000000000e+02
-1.000000000000000000e+00
9.810000000000000000e+02
9.710000000000000000e+02
-1.000000000000000000e+00
-1.000000000000000000e+00
-1.000000000000000000e+00
-1.000000000000000000e+00
9.860000000000000000e+02
9.960000000000000000e+02
9.900000000000000000e+02
1.028000000000000000e+03
9.790000000000000000e+02
-1.000000000000000000e+00
-1.000000000000000000e+00
-1.000000000000000000e+00
-1.000000000000000000e+00
-1.000000000000000000e+00
-1.000000000000000000e+00
-1.000000000000000000e+00
1.017000000000000000e+03
1.013000000000000000e+03
-1.000000000000000000e+00
9.970000000000000000e+02
-1.000000000000000000e+00
9.850000000000000000e+02
-1.000000000000000000e+00
9.760000000000000000e+02
1.005000000000000000e+03
1.050000000000000000e+03
-1.000000000000000000e+00
-1.000000000000000000e+00
-1.000000000000000000e+00
1.004000000000000000e+03
-1.000000000000000000e+00
-1.000000000000000000e+00
-1.000000000000000000e+00
-1.000000000000000000e+00
-1.000000000000000000e+00
-1.000000000000000000e+00
-1.000000000000000000e+00
1.011000000000000000e+03
1.020000000000000000e+03
1.014000000000000000e+03
-1.000000000000000000e+00
-1.000000000000000000e+00
-1.000000000000000000e+00
9.940000000000000000e+02
1.037000000000000000e+03
1.008000000000000000e+03
-1.000000000000000000e+00
1.034000000000000000e+03
-1.000000000000000000e+00
-1.000000000000000000e+00
-1.000000000000000000e+00
-1.000000000000000000e+00
-1.000000000000000000e+00
1.021000000000000000e+03
-1.000000000000000000e+00
-1.000000000000000000e+00
-1.000000000000000000e+00
1.025000000000000000e+03
-1.000000000000000000e+00
1.000000000000000000e+03
-1.000000000000000000e+00
1.007000000000000000e+03
1.071000000000000000e+03
1.018000000000000000e+03
-1.000000000000000000e+00
-1.000000000000000000e+00
-1.000000000000000000e+00
1.032000000000000000e+03
-1.000000000000000000e+00
-1.000000000000000000e+00
1.060000000000000000e+03
-1.000000000000000000e+00
-1.000000000000000000e+00
1.040000000000000000e+03
1.057000000000000000e+03
1.045000000000000000e+03
1.054000000000000000e+03
1.056000000000000000e+03
1.027000000000000000e+03
-1.000000000000000000e+00
1.051000000000000000e+03
1.052000000000000000e+03
1.038000000000000000e+03
1.089000000000000000e+03
1.075000000000000000e+03
-1.000000000000000000e+00
-1.000000000000000000e+00
-1.000000000000000000e+00
-1.000000000000000000e+00
-1.000000000000000000e+00
-1.000000000000000000e+00
1.103000000000000000e+03
1.074000000000000000e+03
1.084000000000000000e+03
-1.000000000000000000e+00
-1.000000000000000000e+00
1.049000000000000000e+03
1.082000000000000000e+03
-1.000000000000000000e+00
1.072000000000000000e+03
-1.000000000000000000e+00
1.081000000000000000e+03
-1.000000000000000000e+00
-1.000000000000000000e+00
1.124000000000000000e+03
1.111000000000000000e+03
-1.000000000000000000e+00
1.095000000000000000e+03
1.099000000000000000e+03
-1.000000000000000000e+00
1.113000000000000000e+03
-1.000000000000000000e+00
-1.000000000000000000e+00
1.107000000000000000e+03
-1.000000000000000000e+00
1.080000000000000000e+03
1.117000000000000000e+03
1.085000000000000000e+03
-1.000000000000000000e+00
-1.000000000000000000e+00
1.118000000000000000e+03
-1.000000000000000000e+00
-1.000000000000000000e+00
-1.000000000000000000e+00
-1.000000000000000000e+00
1.153000000000000000e+03
1.212000000000000000e+03
1.114000000000000000e+03
-1.000000000000000000e+00
-1.000000000000000000e+00
-1.000000000000000000e+00
1.073000000000000000e+03
1.137000000000000000e+03
1.145000000000000000e+03
1.108000000000000000e+03
-1.000000000000000000e+00
-1.000000000000000000e+00
-1.000000000000000000e+00
-1.000000000000000000e+00
1.146000000000000000e+03
-1.000000000000000000e+00
-1.000000000000000000e+00
-1.000000000000000000e+00
1.132000000000000000e+03
1.105000000000000000e+03
1.148000000000000000e+03
1.149000000000000000e+03
1.133000000000000000e+03
1.151000000000000000e+03
-1.000000000000000000e+00
1.141000000000000000e+03
-1.000000000000000000e+00
-1.000000000000000000e+00
1.143000000000000000e+03
1.150000000000000000e+03
-1.000000000000000000e+00
1.154000000000000000e+03
1.115000000000000000e+03
1.142000000000000000e+03
1.182000000000000000e+03
1.164000000000000000e+03
-1.000000000000000000e+00
-1.000000000000000000e+00
-1.000000000000000000e+00
-1.000000000000000000e+00
1.100000000000000000e+03
1.191000000000000000e+03
1.206000000000000000e+03
-1.000000000000000000e+00
-1.000000000000000000e+00
-1.000000000000000000e+00
1.214000000000000000e+03
1.225000000000000000e+03
-1.000000000000000000e+00
-1.000000000000000000e+00
1.174000000000000000e+03
-1.000000000000000000e+00
-1.000000000000000000e+00
-1.000000000000000000e+00
-1.000000000000000000e+00
-1.000000000000000000e+00
1.205000000000000000e+03
1.213000000000000000e+03
-1.000000000000000000e+00
1.207000000000000000e+03
-1.000000000000000000e+00
-1.000000000000000000e+00
1.188000000000000000e+03
1.231000000000000000e+03
-1.000000000000000000e+00
1.211000000000000000e+03
1.181000000000000000e+03
1.198000000000000000e+03
1.256000000000000000e+03
1.193000000000000000e+03
1.200000000000000000e+03
1.227000000000000000e+03
1.173000000000000000e+03
1.179000000000000000e+03
1.229000000000000000e+03
1.219000000000000000e+03
1.220000000000000000e+03
1.221000000000000000e+03
-1.000000000000000000e+00
-1.000000000000000000e+00
1.252000000000000000e+03
1.246000000000000000e+03
-1.000000000000000000e+00
-1.000000000000000000e+00
1.172000000000000000e+03
-1.000000000000000000e+00
-1.000000000000000000e+00
-1.000000000000000000e+00
1.244000000000000000e+03
1.237000000000000000e+03
-1.000000000000000000e+00
-1.000000000000000000e+00
-1.000000000000000000e+00
1.241000000000000000e+03
1.230000000000000000e+03
-1.000000000000000000e+00
-1.000000000000000000e+00
-1.000000000000000000e+00
1.178000000000000000e+03
1.236000000000000000e+03
1.197000000000000000e+03
1.250000000000000000e+03
1.281000000000000000e+03
1.306000000000000000e+03
1.253000000000000000e+03
1.270000000000000000e+03
-1.000000000000000000e+00
-1.000000000000000000e+00
-1.000000000000000000e+00
1.255000000000000000e+03
-1.000000000000000000e+00
1.242000000000000000e+03
1.245000000000000000e+03
1.269000000000000000e+03
-1.000000000000000000e+00
-1.000000000000000000e+00
-1.000000000000000000e+00
1.275000000000000000e+03
1.259000000000000000e+03
1.260000000000000000e+03
-1.000000000000000000e+00
1.262000000000000000e+03
1.280000000000000000e+03
-1.000000000000000000e+00
-1.000000000000000000e+00
-1.000000000000000000e+00
1.266000000000000000e+03
-1.000000000000000000e+00
-1.000000000000000000e+00
1.299000000000000000e+03
-1.000000000000000000e+00
-1.000000000000000000e+00
1.265000000000000000e+03
-1.000000000000000000e+00
-1.000000000000000000e+00
1.318000000000000000e+03
1.349000000000000000e+03
1.298000000000000000e+03
1.372000000000000000e+03
-1.000000000000000000e+00
-1.000000000000000000e+00
1.333000000000000000e+03
-1.000000000000000000e+00
-1.000000000000000000e+00
1.309000000000000000e+03
-1.000000000000000000e+00
1.296000000000000000e+03
1.312000000000000000e+03
1.304000000000000000e+03
1.302000000000000000e+03
-1.000000000000000000e+00
-1.000000000000000000e+00
-1.000000000000000000e+00
-1.000000000000000000e+00
1.317000000000000000e+03
1.339000000000000000e+03
-1.000000000000000000e+00
-1.000000000000000000e+00
1.325000000000000000e+03
1.359000000000000000e+03
-1.000000000000000000e+00
1.363000000000000000e+03
-1.000000000000000000e+00
-1.000000000000000000e+00
1.356000000000000000e+03
-1.000000000000000000e+00
-1.000000000000000000e+00
1.311000000000000000e+03
1.344000000000000000e+03
-1.000000000000000000e+00
-1.000000000000000000e+00
1.361000000000000000e+03
1.362000000000000000e+03
-1.000000000000000000e+00
1.341000000000000000e+03
-1.000000000000000000e+00
1.366000000000000000e+03
1.348000000000000000e+03
-1.000000000000000000e+00
1.315000000000000000e+03
1.360000000000000000e+03
-1.000000000000000000e+00
-1.000000000000000000e+00
-1.000000000000000000e+00
1.389000000000000000e+03
-1.000000000000000000e+00
1.357000000000000000e+03
1.353000000000000000e+03
1.358000000000000000e+03
-1.000000000000000000e+00
1.379000000000000000e+03
1.396000000000000000e+03
1.386000000000000000e+03
-1.000000000000000000e+00
-1.000000000000000000e+00
-1.000000000000000000e+00
-1.000000000000000000e+00
-1.000000000000000000e+00
1.393000000000000000e+03
-1.000000000000000000e+00
-1.000000000000000000e+00
-1.000000000000000000e+00
-1.000000000000000000e+00
1.330000000000000000e+03
-1.000000000000000000e+00
-1.000000000000000000e+00
1.370000000000000000e+03
-1.000000000000000000e+00
-1.000000000000000000e+00
1.387000000000000000e+03
1.422000000000000000e+03
-1.000000000000000000e+00
1.392000000000000000e+03
-1.000000000000000000e+00
1.395000000000000000e+03
-1.000000000000000000e+00
1.391000000000000000e+03
1.384000000000000000e+03
1.382000000000000000e+03
1.377000000000000000e+03
-1.000000000000000000e+00
-1.000000000000000000e+00
-1.000000000000000000e+00
-1.000000000000000000e+00
-1.000000000000000000e+00
-1.000000000000000000e+00
1.373000000000000000e+03
-1.000000000000000000e+00
-1.000000000000000000e+00
-1.000000000000000000e+00
-1.000000000000000000e+00
1.435000000000000000e+03
1.411000000000000000e+03
1.424000000000000000e+03
-1.000000000000000000e+00
-1.000000000000000000e+00
1.405000000000000000e+03
-1.000000000000000000e+00
1.401000000000000000e+03
-1.000000000000000000e+00
-1.000000000000000000e+00
-1.000000000000000000e+00
1.423000000000000000e+03
1.432000000000000000e+03
1.426000000000000000e+03
-1.000000000000000000e+00
-1.000000000000000000e+00
-1.000000000000000000e+00
-1.000000000000000000e+00
-1.000000000000000000e+00
1.430000000000000000e+03
-1.000000000000000000e+00
-1.000000000000000000e+00
-1.000000000000000000e+00
-1.000000000000000000e+00
-1.000000000000000000e+00
-1.000000000000000000e+00
1.408000000000000000e+03
1.406000000000000000e+03
-1.000000000000000000e+00
-1.000000000000000000e+00
1.440000000000000000e+03
-1.000000000000000000e+00
-1.000000000000000000e+00
1.417000000000000000e+03
-1.000000000000000000e+00
1.421000000000000000e+03
-1.000000000000000000e+00
-1.000000000000000000e+00
1.461000000000000000e+03
1.447000000000000000e+03
-1.000000000000000000e+00
-1.000000000000000000e+00
-1.000000000000000000e+00
-1.000000000000000000e+00
1.436000000000000000e+03
-1.000000000000000000e+00
-1.000000000000000000e+00
-1.000000000000000000e+00
1.419000000000000000e+03
1.416000000000000000e+03
-1.000000000000000000e+00
1.410000000000000000e+03
-1.000000000000000000e+00
-1.000000000000000000e+00
-1.000000000000000000e+00
-1.000000000000000000e+00
-1.000000000000000000e+00
1.418000000000000000e+03
-1.000000000000000000e+00
1.455000000000000000e+03
-1.000000000000000000e+00
-1.000000000000000000e+00
-1.000000000000000000e+00
-1.000000000000000000e+00
1.451000000000000000e+03
-1.000000000000000000e+00
-1.000000000000000000e+00
-1.000000000000000000e+00
1.476000000000000000e+03
-1.000000000000000000e+00
-1.000000000000000000e+00
1.450000000000000000e+03
-1.000000000000000000e+00
-1.000000000000000000e+00
1.460000000000000000e+03
-1.000000000000000000e+00
-1.000000000000000000e+00
-1.000000000000000000e+00
1.456000000000000000e+03
1.464000000000000000e+03
1.457000000000000000e+03
1.458000000000000000e+03
1.465000000000000000e+03
-1.000000000000000000e+00
1.504000000000000000e+03
1.490000000000000000e+03
-1.000000000000000000e+00
-1.000000000000000000e+00
1.477000000000000000e+03
1.453000000000000000e+03
1.454000000000000000e+03
-1.000000000000000000e+00
-1.000000000000000000e+00
-1.000000000000000000e+00
-1.000000000000000000e+00
1.459000000000000000e+03
-1.000000000000000000e+00
-1.000000000000000000e+00
-1.000000000000000000e+00
1.482000000000000000e+03
-1.000000000000000000e+00
-1.000000000000000000e+00
1.463000000000000000e+03
-1.000000000000000000e+00
-1.000000000000000000e+00
-1.000000000000000000e+00
-1.000000000000000000e+00
-1.000000000000000000e+00
1.470000000000000000e+03
-1.000000000000000000e+00
-1.000000000000000000e+00
-1.000000000000000000e+00
-1.000000000000000000e+00
-1.000000000000000000e+00
-1.000000000000000000e+00
-1.000000000000000000e+00
-1.000000000000000000e+00
-1.000000000000000000e+00
-1.000000000000000000e+00
-1.000000000000000000e+00
-1.000000000000000000e+00
-1.000000000000000000e+00
1.484000000000000000e+03
1.486000000000000000e+03
-1.000000000000000000e+00
-1.000000000000000000e+00
1.522000000000000000e+03
-1.000000000000000000e+00
-1.000000000000000000e+00
-1.000000000000000000e+00
-1.000000000000000000e+00
-1.000000000000000000e+00
-1.000000000000000000e+00
-1.000000000000000000e+00
-1.000000000000000000e+00
1.493000000000000000e+03
-1.000000000000000000e+00
1.550000000000000000e+03
-1.000000000000000000e+00
-1.000000000000000000e+00
1.480000000000000000e+03
1.501000000000000000e+03
-1.000000000000000000e+00
-1.000000000000000000e+00
1.481000000000000000e+03
-1.000000000000000000e+00
-1.000000000000000000e+00
1.574000000000000000e+03
-1.000000000000000000e+00
-1.000000000000000000e+00
-1.000000000000000000e+00
-1.000000000000000000e+00
1.483000000000000000e+03
1.502000000000000000e+03
-1.000000000000000000e+00
-1.000000000000000000e+00
-1.000000000000000000e+00
-1.000000000000000000e+00
-1.000000000000000000e+00
-1.000000000000000000e+00
1.506000000000000000e+03
1.509000000000000000e+03
1.548000000000000000e+03
-1.000000000000000000e+00
-1.000000000000000000e+00
-1.000000000000000000e+00
-1.000000000000000000e+00
-1.000000000000000000e+00
-1.000000000000000000e+00
1.515000000000000000e+03
1.553000000000000000e+03
-1.000000000000000000e+00
1.560000000000000000e+03
1.554000000000000000e+03
-1.000000000000000000e+00
-1.000000000000000000e+00
1.525000000000000000e+03
-1.000000000000000000e+00
1.533000000000000000e+03
-1.000000000000000000e+00
1.572000000000000000e+03
1.573000000000000000e+03
-1.000000000000000000e+00
1.526000000000000000e+03
-1.000000000000000000e+00
-1.000000000000000000e+00
-1.000000000000000000e+00
1.540000000000000000e+03
-1.000000000000000000e+00
1.570000000000000000e+03
1.508000000000000000e+03
-1.000000000000000000e+00
1.561000000000000000e+03
-1.000000000000000000e+00
-1.000000000000000000e+00
1.541000000000000000e+03
-1.000000000000000000e+00
-1.000000000000000000e+00
-1.000000000000000000e+00
-1.000000000000000000e+00
1.530000000000000000e+03
-1.000000000000000000e+00
1.601000000000000000e+03
-1.000000000000000000e+00
-1.000000000000000000e+00
-1.000000000000000000e+00
-1.000000000000000000e+00
-1.000000000000000000e+00
-1.000000000000000000e+00
-1.000000000000000000e+00
-1.000000000000000000e+00
-1.000000000000000000e+00
1.587000000000000000e+03
1.546000000000000000e+03
-1.000000000000000000e+00
-1.000000000000000000e+00
-1.000000000000000000e+00
-1.000000000000000000e+00
1.545000000000000000e+03
-1.000000000000000000e+00
-1.000000000000000000e+00
1.615000000000000000e+03
1.616000000000000000e+03
-1.000000000000000000e+00
-1.000000000000000000e+00
-1.000000000000000000e+00
1.595000000000000000e+03
-1.000000000000000000e+00
1.607000000000000000e+03
-1.000000000000000000e+00
-1.000000000000000000e+00
-1.000000000000000000e+00
-1.000000000000000000e+00
-1.000000000000000000e+00
-1.000000000000000000e+00
1.619000000000000000e+03
-1.000000000000000000e+00
-1.000000000000000000e+00
-1.000000000000000000e+00
-1.000000000000000000e+00
-1.000000000000000000e+00
-1.000000000000000000e+00
-1.000000000000000000e+00
-1.000000000000000000e+00
1.627000000000000000e+03
-1.000000000000000000e+00
-1.000000000000000000e+00
-1.000000000000000000e+00
-1.000000000000000000e+00
-1.000000000000000000e+00
1.636000000000000000e+03
1.603000000000000000e+03
-1.000000000000000000e+00
1.624000000000000000e+03
-1.000000000000000000e+00
1.640000000000000000e+03
-1.000000000000000000e+00
-1.000000000000000000e+00
-1.000000000000000000e+00
-1.000000000000000000e+00
-1.000000000000000000e+00
-1.000000000000000000e+00
-1.000000000000000000e+00
-1.000000000000000000e+00
-1.000000000000000000e+00
-1.000000000000000000e+00
-1.000000000000000000e+00
-1.000000000000000000e+00
-1.000000000000000000e+00
-1.000000000000000000e+00
-1.000000000000000000e+00
-1.000000000000000000e+00
-1.000000000000000000e+00
-1.000000000000000000e+00
-1.000000000000000000e+00
-1.000000000000000000e+00
-1.000000000000000000e+00
-1.000000000000000000e+00
-1.000000000000000000e+00
-1.000000000000000000e+00
1.626000000000000000e+03
-1.000000000000000000e+00
-1.000000000000000000e+00
-1.000000000000000000e+00
1.656000000000000000e+03
-1.000000000000000000e+00
1.681000000000000000e+03
1.674000000000000000e+03
-1.000000000000000000e+00
1.623000000000000000e+03
-1.000000000000000000e+00
-1.000000000000000000e+00
-1.000000000000000000e+00
-1.000000000000000000e+00
-1.000000000000000000e+00
-1.000000000000000000e+00
-1.000000000000000000e+00
-1.000000000000000000e+00
-1.000000000000000000e+00
-1.000000000000000000e+00
-1.000000000000000000e+00
-1.000000000000000000e+00
-1.000000000000000000e+00
-1.000000000000000000e+00
-1.000000000000000000e+00
-1.000000000000000000e+00
-1.000000000000000000e+00
-1.000000000000000000e+00
-1.000000000000000000e+00
-1.000000000000000000e+00
-1.000000000000000000e+00
-1.000000000000000000e+00
-1.000000000000000000e+00
-1.000000000000000000e+00
-1.000000000000000000e+00
1.695000000000000000e+03
1.690000000000000000e+03
-1.000000000000000000e+00
-1.000000000000000000e+00
-1.000000000000000000e+00
-1.000000000000000000e+00
-1.000000000000000000e+00
-1.000000000000000000e+00
-1.000000000000000000e+00
-1.000000000000000000e+00
-1.000000000000000000e+00
-1.000000000000000000e+00
-1.000000000000000000e+00
-1.000000000000000000e+00
-1.000000000000000000e+00
-1.000000000000000000e+00
1.686000000000000000e+03
-1.000000000000000000e+00
-1.000000000000000000e+00
-1.000000000000000000e+00
-1.000000000000000000e+00
-1.000000000000000000e+00
-1.000000000000000000e+00
-1.000000000000000000e+00
-1.000000000000000000e+00
-1.000000000000000000e+00
-1.000000000000000000e+00
-1.000000000000000000e+00
-1.000000000000000000e+00
-1.000000000000000000e+00
-1.000000000000000000e+00
-1.000000000000000000e+00
-1.000000000000000000e+00
-1.000000000000000000e+00
-1.000000000000000000e+00
-1.000000000000000000e+00
-1.000000000000000000e+00
-1.000000000000000000e+00
-1.000000000000000000e+00
-1.000000000000000000e+00
-1.000000000000000000e+00
-1.000000000000000000e+00
-1.000000000000000000e+00
-1.000000000000000000e+00
-1.000000000000000000e+00
-1.000000000000000000e+00
-1.000000000000000000e+00
-1.000000000000000000e+00
-1.000000000000000000e+00
-1.000000000000000000e+00
-1.000000000000000000e+00
-1.000000000000000000e+00
-1.000000000000000000e+00
-1.000000000000000000e+00
-1.000000000000000000e+00
-1.000000000000000000e+00
-1.000000000000000000e+00
-1.000000000000000000e+00
-1.000000000000000000e+00
-1.000000000000000000e+00
-1.000000000000000000e+00
-1.000000000000000000e+00
-1.000000000000000000e+00
-1.000000000000000000e+00
-1.000000000000000000e+00
-1.000000000000000000e+00
-1.000000000000000000e+00
-1.000000000000000000e+00
-1.000000000000000000e+00
-1.000000000000000000e+00
-1.000000000000000000e+00
-1.000000000000000000e+00
-1.000000000000000000e+00
-1.000000000000000000e+00
-1.000000000000000000e+00
-1.000000000000000000e+00
-1.000000000000000000e+00
-1.000000000000000000e+00
-1.000000000000000000e+00
-1.000000000000000000e+00
-1.000000000000000000e+00
-1.000000000000000000e+00
-1.000000000000000000e+00
-1.000000000000000000e+00
-1.000000000000000000e+00
-1.000000000000000000e+00
-1.000000000000000000e+00
-1.000000000000000000e+00
-1.000000000000000000e+00
-1.000000000000000000e+00
-1.000000000000000000e+00
-1.000000000000000000e+00
-1.000000000000000000e+00
-1.000000000000000000e+00
-1.000000000000000000e+00
